13
2
0 1
16
0.5000000000000001 0.0 0.5 -6.123233995736766e-17 0.5 -6.123233995736766e-17 0.4999999999999999 -1.224646799147353e-16 0.5 0.0 -0.5000000000000001 6.123233995736767e-17 0.4999999999999999 -6.123233995736765e-17 -0.5 1.2246467991473532e-16 0.5 0.0 0.4999999999999999 -6.123233995736765e-17 -0.5000000000000001 6.123233995736767e-17 -0.5 1.2246467991473532e-16 -0.4999999999999999 0.0 0.5 -6.123233995736766e-17 0.5 -6.123233995736766e-17 -0.5000000000000001 1.2246467991473535e-16 
2
2 3
16
0.5000000000000001 0.0 0.5 -6.123233995736766e-17 0.5 -6.123233995736766e-17 0.4999999999999999 -1.224646799147353e-16 0.5 0.0 -0.5000000000000001 6.123233995736767e-17 0.4999999999999999 -6.123233995736765e-17 -0.5 1.2246467991473532e-16 0.5 0.0 0.4999999999999999 -6.123233995736765e-17 -0.5000000000000001 6.123233995736767e-17 -0.5 1.2246467991473532e-16 -0.4999999999999999 0.0 0.5 -6.123233995736766e-17 0.5 -6.123233995736766e-17 -0.5000000000000001 1.2246467991473535e-16 
2
4 5
16
0.5000000000000001 0.0 0.5 -6.123233995736766e-17 0.5 -6.123233995736766e-17 0.4999999999999999 -1.224646799147353e-16 0.5 0.0 -0.5000000000000001 6.123233995736767e-17 0.4999999999999999 -6.123233995736765e-17 -0.5 1.2246467991473532e-16 0.5 0.0 0.4999999999999999 -6.123233995736765e-17 -0.5000000000000001 6.123233995736767e-17 -0.5 1.2246467991473532e-16 -0.4999999999999999 0.0 0.5 -6.123233995736766e-17 0.5 -6.123233995736766e-17 -0.5000000000000001 1.2246467991473535e-16 
3
3 6 7
64
0.5000000000000001 0.0 0.0 0.0 0.5 -6.123233995736766e-17 0.0 0.0 0.5 -6.123233995736766e-17 0.0 0.0 0.4999999999999999 -1.224646799147353e-16 0.0 0.0 0.0 0.0 0.5000000000000001 0.0 0.0 0.0 0.5 -6.123233995736766e-17 0.0 0.0 0.5 -6.123233995736766e-17 0.0 0.0 0.4999999999999999 -1.224646799147353e-16 0.5 0.0 0.0 0.0 -0.5000000000000001 6.123233995736767e-17 0.0 0.0 0.4999999999999999 -6.123233995736765e-17 0.0 0.0 -0.5 1.2246467991473532e-16 0.0 0.0 0.0 0.0 -0.5 0.0 0.0 0.0 0.5000000000000001 -6.123233995736767e-17 0.0 0.0 -0.4999999999999999 6.123233995736765e-17 0.0 0.0 0.5 -1.2246467991473532e-16 0.5 0.0 0.0 0.0 0.4999999999999999 -6.123233995736765e-17 0.0 0.0 -0.5000000000000001 6.123233995736767e-17 0.0 0.0 -0.5 1.2246467991473532e-16 0.0 0.0 0.0 0.0 0.5 0.0 0.0 0.0 0.4999999999999999 -6.123233995736765e-17 0.0 0.0 -0.5000000000000001 6.123233995736767e-17 0.0 0.0 -0.5 1.2246467991473532e-16 -0.4999999999999999 0.0 0.0 0.0 0.5 -6.123233995736766e-17 0.0 0.0 0.5 -6.123233995736766e-17 0.0 0.0 -0.5000000000000001 1.2246467991473535e-16 0.0 0.0 0.0 0.0 0.4999999999999999 0.0 0.0 0.0 -0.5 6.123233995736766e-17 0.0 0.0 -0.5 6.123233995736766e-17 0.0 0.0 0.5000000000000001 -1.2246467991473535e-16 
2
8 9
16
0.5000000000000001 0.0 0.5 -6.123233995736766e-17 0.5 -6.123233995736766e-17 0.4999999999999999 -1.224646799147353e-16 0.5 0.0 -0.5000000000000001 6.123233995736767e-17 0.4999999999999999 -6.123233995736765e-17 -0.5 1.2246467991473532e-16 0.5 0.0 0.4999999999999999 -6.123233995736765e-17 -0.5000000000000001 6.123233995736767e-17 -0.5 1.2246467991473532e-16 -0.4999999999999999 0.0 0.5 -6.123233995736766e-17 0.5 -6.123233995736766e-17 -0.5000000000000001 1.2246467991473535e-16 
2
5 10
16
0.7071067811865476 0.0 0.0 0.0 0.7071067811865475 -8.659560562354932e-17 0.0 0.0 0.0 0.0 0.7071067811865476 0.0 0.0 0.0 0.7071067811865475 -8.659560562354932e-17 0.7071067811865475 0.0 0.0 0.0 -0.7071067811865476 8.659560562354934e-17 0.0 0.0 -0.0 0.0 -0.7071067811865475 0.0 -0.0 0.0 0.7071067811865476 -8.659560562354934e-17 
3
0 1 11
64
0.7071067811865476 0.0 0.0 0.0 0.0 0.0 0.0 0.0 0.7071067811865475 -8.659560562354932e-17 0.0 0.0 0.0 0.0 0.0 0.0 0.0 0.0 0.7071067811865476 0.0 0.0 0.0 0.0 0.0 0.0 0.0 0.7071067811865475 -8.659560562354932e-17 0.0 0.0 0.0 0.0 0.0 0.0 0.0 0.0 0.7071067811865476 0.0 0.0 0.0 0.0 0.0 0.0 0.0 0.7071067811865475 -8.659560562354932e-17 0.0 0.0 0.0 0.0 0.0 0.0 0.0 0.0 0.7071067811865476 0.0 0.0 0.0 0.0 0.0 0.0 0.0 0.7071067811865475 -8.659560562354932e-17 0.7071067811865475 0.0 0.0 0.0 0.0 0.0 0.0 0.0 -0.7071067811865476 8.659560562354934e-17 0.0 0.0 0.0 0.0 0.0 0.0 0.0 0.0 -0.7071067811865475 0.0 0.0 0.0 0.0 0.0 0.0 0.0 0.7071067811865476 -8.659560562354934e-17 0.0 0.0 0.0 0.0 -0.0 0.0 -0.0 0.0 -0.7071067811865475 0.0 -0.0 0.0 -0.0 0.0 -0.0 0.0 0.7071067811865476 -8.659560562354934e-17 -0.0 0.0 -0.0 0.0 -0.0 0.0 -0.0 0.0 0.7071067811865475 -0.0 -0.0 0.0 -0.0 0.0 -0.0 0.0 -0.7071067811865476 8.659560562354934e-17 
2
2 12
16
0.7071067811865476 0.0 0.0 0.0 0.7071067811865475 -8.659560562354932e-17 0.0 0.0 0.0 0.0 0.7071067811865476 0.0 0.0 0.0 0.7071067811865475 -8.659560562354932e-17 0.7071067811865475 0.0 0.0 0.0 -0.7071067811865476 8.659560562354934e-17 0.0 0.0 -0.0 0.0 -0.7071067811865475 0.0 -0.0 0.0 0.7071067811865476 -8.659560562354934e-17 
3
8 9 13
64
0.7071067811865476 0.0 0.0 0.0 0.0 0.0 0.0 0.0 0.7071067811865475 -8.659560562354932e-17 0.0 0.0 0.0 0.0 0.0 0.0 0.0 0.0 0.7071067811865476 0.0 0.0 0.0 0.0 0.0 0.0 0.0 0.7071067811865475 -8.659560562354932e-17 0.0 0.0 0.0 0.0 0.0 0.0 0.0 0.0 0.7071067811865476 0.0 0.0 0.0 0.0 0.0 0.0 0.0 0.7071067811865475 -8.659560562354932e-17 0.0 0.0 0.0 0.0 0.0 0.0 0.0 0.0 0.7071067811865476 0.0 0.0 0.0 0.0 0.0 0.0 0.0 0.7071067811865475 -8.659560562354932e-17 0.7071067811865475 0.0 0.0 0.0 0.0 0.0 0.0 0.0 -0.7071067811865476 8.659560562354934e-17 0.0 0.0 0.0 0.0 0.0 0.0 0.0 0.0 -0.7071067811865475 0.0 0.0 0.0 0.0 0.0 0.0 0.0 0.7071067811865476 -8.659560562354934e-17 0.0 0.0 0.0 0.0 -0.0 0.0 -0.0 0.0 -0.7071067811865475 0.0 -0.0 0.0 -0.0 0.0 -0.0 0.0 0.7071067811865476 -8.659560562354934e-17 -0.0 0.0 -0.0 0.0 -0.0 0.0 -0.0 0.0 0.7071067811865475 -0.0 -0.0 0.0 -0.0 0.0 -0.0 0.0 -0.7071067811865476 8.659560562354934e-17 
3
7 10 14
64
0.7071067811865476 0.0 0.0 0.0 0.0 0.0 0.0 0.0 0.7071067811865475 -8.659560562354932e-17 0.0 0.0 0.0 0.0 0.0 0.0 0.0 0.0 0.7071067811865476 0.0 0.0 0.0 0.0 0.0 0.0 0.0 0.7071067811865475 -8.659560562354932e-17 0.0 0.0 0.0 0.0 0.0 0.0 0.0 0.0 0.7071067811865476 0.0 0.0 0.0 0.0 0.0 0.0 0.0 0.7071067811865475 -8.659560562354932e-17 0.0 0.0 0.0 0.0 0.0 0.0 0.0 0.0 0.7071067811865476 0.0 0.0 0.0 0.0 0.0 0.0 0.0 0.7071067811865475 -8.659560562354932e-17 0.7071067811865475 0.0 0.0 0.0 0.0 0.0 0.0 0.0 -0.7071067811865476 8.659560562354934e-17 0.0 0.0 0.0 0.0 0.0 0.0 0.0 0.0 -0.7071067811865475 0.0 0.0 0.0 0.0 0.0 0.0 0.0 0.7071067811865476 -8.659560562354934e-17 0.0 0.0 0.0 0.0 -0.0 0.0 -0.0 0.0 -0.7071067811865475 0.0 -0.0 0.0 -0.0 0.0 -0.0 0.0 0.7071067811865476 -8.659560562354934e-17 -0.0 0.0 -0.0 0.0 -0.0 0.0 -0.0 0.0 0.7071067811865475 -0.0 -0.0 0.0 -0.0 0.0 -0.0 0.0 -0.7071067811865476 8.659560562354934e-17 
2
12 15
16
0.7071067811865476 0.0 0.0 0.0 0.7071067811865475 -8.659560562354932e-17 0.0 0.0 0.0 0.0 0.7071067811865476 0.0 0.0 0.0 0.7071067811865475 -8.659560562354932e-17 0.7071067811865475 0.0 0.0 0.0 -0.7071067811865476 8.659560562354934e-17 0.0 0.0 -0.0 0.0 -0.7071067811865475 0.0 -0.0 0.0 0.7071067811865476 -8.659560562354934e-17 
2
4 16
16
0.7071067811865476 0.0 0.0 0.0 0.7071067811865475 -8.659560562354932e-17 0.0 0.0 0.0 0.0 0.7071067811865476 0.0 0.0 0.0 0.7071067811865475 -8.659560562354932e-17 0.7071067811865475 0.0 0.0 0.0 -0.7071067811865476 8.659560562354934e-17 0.0 0.0 -0.0 0.0 -0.7071067811865475 0.0 -0.0 0.0 0.7071067811865476 -8.659560562354934e-17 
3
15 16 17
64
0.7071067811865476 0.0 0.0 0.0 0.0 0.0 0.0 0.0 0.7071067811865475 -8.659560562354932e-17 0.0 0.0 0.0 0.0 0.0 0.0 0.0 0.0 0.7071067811865476 0.0 0.0 0.0 0.0 0.0 0.0 0.0 0.7071067811865475 -8.659560562354932e-17 0.0 0.0 0.0 0.0 0.0 0.0 0.0 0.0 0.7071067811865476 0.0 0.0 0.0 0.0 0.0 0.0 0.0 0.7071067811865475 -8.659560562354932e-17 0.0 0.0 0.0 0.0 0.0 0.0 0.0 0.0 0.7071067811865476 0.0 0.0 0.0 0.0 0.0 0.0 0.0 0.7071067811865475 -8.659560562354932e-17 0.7071067811865475 0.0 0.0 0.0 0.0 0.0 0.0 0.0 -0.7071067811865476 8.659560562354934e-17 0.0 0.0 0.0 0.0 0.0 0.0 0.0 0.0 -0.7071067811865475 0.0 0.0 0.0 0.0 0.0 0.0 0.0 0.7071067811865476 -8.659560562354934e-17 0.0 0.0 0.0 0.0 -0.0 0.0 -0.0 0.0 -0.7071067811865475 0.0 -0.0 0.0 -0.0 0.0 -0.0 0.0 0.7071067811865476 -8.659560562354934e-17 -0.0 0.0 -0.0 0.0 -0.0 0.0 -0.0 0.0 0.7071067811865475 -0.0 -0.0 0.0 -0.0 0.0 -0.0 0.0 -0.7071067811865476 8.659560562354934e-17 
