13
2
0 1
16
0.5000000000000001 0.0 0.5 -6.123233995736766e-17 0.5 -6.123233995736766e-17 0.4999999999999999 -1.224646799147353e-16 0.5 0.0 -0.5000000000000001 6.123233995736767e-17 0.4999999999999999 -6.123233995736765e-17 -0.5 1.2246467991473532e-16 0.5 0.0 0.4999999999999999 -6.123233995736765e-17 -0.5000000000000001 6.123233995736767e-17 -0.5 1.2246467991473532e-16 -0.4999999999999999 0.0 0.5 -6.123233995736766e-17 0.5 -6.123233995736766e-17 -0.5000000000000001 1.2246467991473535e-16 
3
2 3 4
64
0.35355339059327384 0.0 0.3535533905932738 -4.329780281177467e-17 0.3535533905932738 -4.329780281177467e-17 0.35355339059327373 -8.659560562354932e-17 0.3535533905932738 -4.329780281177467e-17 0.35355339059327373 -8.659560562354932e-17 0.35355339059327373 -8.659560562354932e-17 0.3535533905932737 -1.2989340843532396e-16 0.3535533905932738 0.0 -0.35355339059327384 4.3297802811774677e-17 0.35355339059327373 -4.329780281177466e-17 -0.3535533905932738 8.659560562354934e-17 0.35355339059327373 -4.329780281177466e-17 -0.3535533905932738 8.659560562354934e-17 0.3535533905932737 -8.65956056235493e-17 -0.35355339059327373 1.2989340843532398e-16 0.3535533905932738 0.0 0.35355339059327373 -4.329780281177466e-17 -0.35355339059327384 4.3297802811774677e-17 -0.3535533905932738 8.659560562354934e-17 0.35355339059327373 -4.329780281177466e-17 0.3535533905932737 -8.65956056235493e-17 -0.3535533905932738 8.659560562354934e-17 -0.35355339059327373 1.2989340843532398e-16 -0.35355339059327373 0.0 0.3535533905932738 -4.329780281177467e-17 0.3535533905932738 -4.329780281177467e-17 -0.35355339059327384 8.659560562354935e-17 -0.3535533905932737 4.3297802811774646e-17 0.35355339059327373 -8.659560562354932e-17 0.35355339059327373 -8.659560562354932e-17 -0.3535533905932738 1.29893408435324e-16 0.3535533905932738 0.0 0.35355339059327373 -4.329780281177466e-17 0.35355339059327373 -4.329780281177466e-17 0.3535533905932737 -8.65956056235493e-17 -0.35355339059327384 4.329780281177468e-17 -0.3535533905932738 8.659560562354934e-17 -0.3535533905932738 8.659560562354934e-17 -0.35355339059327373 1.2989340843532398e-16 0.35355339059327373 0.0 -0.3535533905932738 4.329780281177467e-17 0.3535533905932737 -4.329780281177465e-17 -0.35355339059327373 8.659560562354932e-17 -0.3535533905932738 4.329780281177467e-17 0.35355339059327384 -8.659560562354935e-17 -0.35355339059327373 8.659560562354932e-17 0.3535533905932738 -1.29893408435324e-16 -0.35355339059327373 0.0 -0.3535533905932737 4.329780281177465e-17 0.3535533905932738 -4.329780281177467e-17 0.35355339059327373 -8.659560562354932e-17 0.3535533905932738 -4.329780281177467e-17 0.35355339059327373 -8.659560562354932e-17 -0.35355339059327384 8.659560562354935e-17 -0.3535533905932738 1.29893408435324e-16 0.3535533905932737 0.0 -0.35355339059327373 4.329780281177466e-17 -0.35355339059327373 4.329780281177466e-17 0.3535533905932738 -8.659560562354934e-17 -0.35355339059327373 4.329780281177466e-17 0.3535533905932738 -8.659560562354934e-17 0.3535533905932738 -8.659560562354934e-17 -0.35355339059327384 1.2989340843532403e-16 
2
5 6
16
0.5000000000000001 0.0 0.5 -6.123233995736766e-17 0.5 -6.123233995736766e-17 0.4999999999999999 -1.224646799147353e-16 0.5 0.0 -0.5000000000000001 6.123233995736767e-17 0.4999999999999999 -6.123233995736765e-17 -0.5 1.2246467991473532e-16 0.5 0.0 0.4999999999999999 -6.123233995736765e-17 -0.5000000000000001 6.123233995736767e-17 -0.5 1.2246467991473532e-16 -0.4999999999999999 0.0 0.5 -6.123233995736766e-17 0.5 -6.123233995736766e-17 -0.5000000000000001 1.2246467991473535e-16 
3
6 7 8
64
0.5000000000000001 0.0 0.0 0.0 0.5 -6.123233995736766e-17 0.0 0.0 0.5 -6.123233995736766e-17 0.0 0.0 0.4999999999999999 -1.224646799147353e-16 0.0 0.0 0.0 0.0 0.5000000000000001 0.0 0.0 0.0 0.5 -6.123233995736766e-17 0.0 0.0 0.5 -6.123233995736766e-17 0.0 0.0 0.4999999999999999 -1.224646799147353e-16 0.5 0.0 0.0 0.0 -0.5000000000000001 6.123233995736767e-17 0.0 0.0 0.4999999999999999 -6.123233995736765e-17 0.0 0.0 -0.5 1.2246467991473532e-16 0.0 0.0 0.0 0.0 0.5 0.0 0.0 0.0 -0.5000000000000001 6.123233995736767e-17 0.0 0.0 0.4999999999999999 -6.123233995736765e-17 0.0 0.0 -0.5 1.2246467991473532e-16 0.5 0.0 0.0 0.0 0.4999999999999999 -6.123233995736765e-17 0.0 0.0 -0.5000000000000001 6.123233995736767e-17 0.0 0.0 -0.5 1.2246467991473532e-16 0.0 0.0 0.0 0.0 -0.5 0.0 0.0 0.0 -0.4999999999999999 6.123233995736765e-17 0.0 0.0 0.5000000000000001 -6.123233995736767e-17 0.0 0.0 0.5 -1.2246467991473532e-16 -0.4999999999999999 0.0 0.0 0.0 0.5 -6.123233995736766e-17 0.0 0.0 0.5 -6.123233995736766e-17 0.0 0.0 -0.5000000000000001 1.2246467991473535e-16 0.0 0.0 0.0 0.0 0.4999999999999999 0.0 0.0 0.0 -0.5 6.123233995736766e-17 0.0 0.0 -0.5 6.123233995736766e-17 0.0 0.0 0.5000000000000001 -1.2246467991473535e-16 
3
9 10 11
64
0.35355339059327384 0.0 0.3535533905932738 -4.329780281177467e-17 0.3535533905932738 -4.329780281177467e-17 0.35355339059327373 -8.659560562354932e-17 0.3535533905932738 -4.329780281177467e-17 0.35355339059327373 -8.659560562354932e-17 0.35355339059327373 -8.659560562354932e-17 0.3535533905932737 -1.2989340843532396e-16 0.3535533905932738 0.0 -0.35355339059327384 4.3297802811774677e-17 0.35355339059327373 -4.329780281177466e-17 -0.3535533905932738 8.659560562354934e-17 0.35355339059327373 -4.329780281177466e-17 -0.3535533905932738 8.659560562354934e-17 0.3535533905932737 -8.65956056235493e-17 -0.35355339059327373 1.2989340843532398e-16 0.3535533905932738 0.0 0.35355339059327373 -4.329780281177466e-17 -0.35355339059327384 4.3297802811774677e-17 -0.3535533905932738 8.659560562354934e-17 0.35355339059327373 -4.329780281177466e-17 0.3535533905932737 -8.65956056235493e-17 -0.3535533905932738 8.659560562354934e-17 -0.35355339059327373 1.2989340843532398e-16 -0.35355339059327373 0.0 0.3535533905932738 -4.329780281177467e-17 0.3535533905932738 -4.329780281177467e-17 -0.35355339059327384 8.659560562354935e-17 -0.3535533905932737 4.3297802811774646e-17 0.35355339059327373 -8.659560562354932e-17 0.35355339059327373 -8.659560562354932e-17 -0.3535533905932738 1.29893408435324e-16 0.3535533905932738 0.0 0.35355339059327373 -4.329780281177466e-17 0.35355339059327373 -4.329780281177466e-17 0.3535533905932737 -8.65956056235493e-17 -0.35355339059327384 4.329780281177468e-17 -0.3535533905932738 8.659560562354934e-17 -0.3535533905932738 8.659560562354934e-17 -0.35355339059327373 1.2989340843532398e-16 -0.35355339059327373 0.0 0.3535533905932738 -4.329780281177467e-17 -0.3535533905932737 4.329780281177465e-17 0.35355339059327373 -8.659560562354932e-17 0.3535533905932738 -4.329780281177467e-17 -0.35355339059327384 8.659560562354935e-17 0.35355339059327373 -8.659560562354932e-17 -0.3535533905932738 1.29893408435324e-16 0.35355339059327373 0.0 0.3535533905932737 -4.329780281177465e-17 -0.3535533905932738 4.329780281177467e-17 -0.35355339059327373 8.659560562354932e-17 -0.3535533905932738 4.329780281177467e-17 -0.35355339059327373 8.659560562354932e-17 0.35355339059327384 -8.659560562354935e-17 0.3535533905932738 -1.29893408435324e-16 0.3535533905932737 0.0 -0.35355339059327373 4.329780281177466e-17 -0.35355339059327373 4.329780281177466e-17 0.3535533905932738 -8.659560562354934e-17 -0.35355339059327373 4.329780281177466e-17 0.3535533905932738 -8.659560562354934e-17 0.3535533905932738 -8.659560562354934e-17 -0.35355339059327384 1.2989340843532403e-16 
2
2 12
16
0.7071067811865476 0.0 0.0 0.0 0.7071067811865475 -8.659560562354932e-17 0.0 0.0 0.0 0.0 0.7071067811865476 0.0 0.0 0.0 0.7071067811865475 -8.659560562354932e-17 0.7071067811865475 0.0 0.0 0.0 -0.7071067811865476 8.659560562354934e-17 0.0 0.0 -0.0 0.0 -0.7071067811865475 0.0 -0.0 0.0 0.7071067811865476 -8.659560562354934e-17 
2
10 13
16
0.7071067811865476 0.0 0.0 0.0 0.7071067811865475 -8.659560562354932e-17 0.0 0.0 0.0 0.0 0.7071067811865476 0.0 0.0 0.0 0.7071067811865475 -8.659560562354932e-17 0.7071067811865475 0.0 0.0 0.0 -0.7071067811865476 8.659560562354934e-17 0.0 0.0 -0.0 0.0 -0.7071067811865475 0.0 -0.0 0.0 0.7071067811865476 -8.659560562354934e-17 
2
11 14
16
0.7071067811865476 0.0 0.0 0.0 0.7071067811865475 -8.659560562354932e-17 0.0 0.0 0.0 0.0 0.7071067811865476 0.0 0.0 0.0 0.7071067811865475 -8.659560562354932e-17 0.7071067811865475 0.0 0.0 0.0 -0.7071067811865476 8.659560562354934e-17 0.0 0.0 -0.0 0.0 -0.7071067811865475 0.0 -0.0 0.0 0.7071067811865476 -8.659560562354934e-17 
3
0 1 15
64
0.7071067811865476 0.0 0.0 0.0 0.0 0.0 0.0 0.0 0.7071067811865475 -8.659560562354932e-17 0.0 0.0 0.0 0.0 0.0 0.0 0.0 0.0 0.7071067811865476 0.0 0.0 0.0 0.0 0.0 0.0 0.0 0.7071067811865475 -8.659560562354932e-17 0.0 0.0 0.0 0.0 0.0 0.0 0.0 0.0 0.7071067811865476 0.0 0.0 0.0 0.0 0.0 0.0 0.0 0.7071067811865475 -8.659560562354932e-17 0.0 0.0 0.0 0.0 0.0 0.0 0.0 0.0 0.7071067811865476 0.0 0.0 0.0 0.0 0.0 0.0 0.0 0.7071067811865475 -8.659560562354932e-17 0.7071067811865475 0.0 0.0 0.0 0.0 0.0 0.0 0.0 -0.7071067811865476 8.659560562354934e-17 0.0 0.0 0.0 0.0 0.0 0.0 0.0 0.0 -0.7071067811865475 0.0 0.0 0.0 0.0 0.0 0.0 0.0 0.7071067811865476 -8.659560562354934e-17 0.0 0.0 0.0 0.0 -0.0 0.0 -0.0 0.0 -0.7071067811865475 0.0 -0.0 0.0 -0.0 0.0 -0.0 0.0 0.7071067811865476 -8.659560562354934e-17 -0.0 0.0 -0.0 0.0 -0.0 0.0 -0.0 0.0 0.7071067811865475 -0.0 -0.0 0.0 -0.0 0.0 -0.0 0.0 -0.7071067811865476 8.659560562354934e-17 
3
4 13 16
64
0.7071067811865476 0.0 0.0 0.0 0.0 0.0 0.0 0.0 0.7071067811865475 -8.659560562354932e-17 0.0 0.0 0.0 0.0 0.0 0.0 0.0 0.0 0.7071067811865476 0.0 0.0 0.0 0.0 0.0 0.0 0.0 0.7071067811865475 -8.659560562354932e-17 0.0 0.0 0.0 0.0 0.0 0.0 0.0 0.0 0.7071067811865476 0.0 0.0 0.0 0.0 0.0 0.0 0.0 0.7071067811865475 -8.659560562354932e-17 0.0 0.0 0.0 0.0 0.0 0.0 0.0 0.0 0.7071067811865476 0.0 0.0 0.0 0.0 0.0 0.0 0.0 0.7071067811865475 -8.659560562354932e-17 0.7071067811865475 0.0 0.0 0.0 0.0 0.0 0.0 0.0 -0.7071067811865476 8.659560562354934e-17 0.0 0.0 0.0 0.0 0.0 0.0 0.0 0.0 -0.7071067811865475 0.0 0.0 0.0 0.0 0.0 0.0 0.0 0.7071067811865476 -8.659560562354934e-17 0.0 0.0 0.0 0.0 -0.0 0.0 -0.0 0.0 -0.7071067811865475 0.0 -0.0 0.0 -0.0 0.0 -0.0 0.0 0.7071067811865476 -8.659560562354934e-17 -0.0 0.0 -0.0 0.0 -0.0 0.0 -0.0 0.0 0.7071067811865475 -0.0 -0.0 0.0 -0.0 0.0 -0.0 0.0 -0.7071067811865476 8.659560562354934e-17 
3
7 12 17
64
0.7071067811865476 0.0 0.0 0.0 0.0 0.0 0.0 0.0 0.7071067811865475 -8.659560562354932e-17 0.0 0.0 0.0 0.0 0.0 0.0 0.0 0.0 0.7071067811865476 0.0 0.0 0.0 0.0 0.0 0.0 0.0 0.7071067811865475 -8.659560562354932e-17 0.0 0.0 0.0 0.0 0.0 0.0 0.0 0.0 0.7071067811865476 0.0 0.0 0.0 0.0 0.0 0.0 0.0 0.7071067811865475 -8.659560562354932e-17 0.0 0.0 0.0 0.0 0.0 0.0 0.0 0.0 0.7071067811865476 0.0 0.0 0.0 0.0 0.0 0.0 0.0 0.7071067811865475 -8.659560562354932e-17 0.7071067811865475 0.0 0.0 0.0 0.0 0.0 0.0 0.0 -0.7071067811865476 8.659560562354934e-17 0.0 0.0 0.0 0.0 0.0 0.0 0.0 0.0 -0.7071067811865475 0.0 0.0 0.0 0.0 0.0 0.0 0.0 0.7071067811865476 -8.659560562354934e-17 0.0 0.0 0.0 0.0 -0.0 0.0 -0.0 0.0 -0.7071067811865475 0.0 -0.0 0.0 -0.0 0.0 -0.0 0.0 0.7071067811865476 -8.659560562354934e-17 -0.0 0.0 -0.0 0.0 -0.0 0.0 -0.0 0.0 0.7071067811865475 -0.0 -0.0 0.0 -0.0 0.0 -0.0 0.0 -0.7071067811865476 8.659560562354934e-17 
2
14 18
16
0.7071067811865476 0.0 0.0 0.0 0.7071067811865475 -8.659560562354932e-17 0.0 0.0 0.0 0.0 0.7071067811865476 0.0 0.0 0.0 0.7071067811865475 -8.659560562354932e-17 0.7071067811865475 0.0 0.0 0.0 -0.7071067811865476 8.659560562354934e-17 0.0 0.0 -0.0 0.0 -0.7071067811865475 0.0 -0.0 0.0 0.7071067811865476 -8.659560562354934e-17 
3
5 18 19
64
0.7071067811865476 0.0 0.0 0.0 0.0 0.0 0.0 0.0 0.7071067811865475 -8.659560562354932e-17 0.0 0.0 0.0 0.0 0.0 0.0 0.0 0.0 0.7071067811865476 0.0 0.0 0.0 0.0 0.0 0.0 0.0 0.7071067811865475 -8.659560562354932e-17 0.0 0.0 0.0 0.0 0.0 0.0 0.0 0.0 0.7071067811865476 0.0 0.0 0.0 0.0 0.0 0.0 0.0 0.7071067811865475 -8.659560562354932e-17 0.0 0.0 0.0 0.0 0.0 0.0 0.0 0.0 0.7071067811865476 0.0 0.0 0.0 0.0 0.0 0.0 0.0 0.7071067811865475 -8.659560562354932e-17 0.7071067811865475 0.0 0.0 0.0 0.0 0.0 0.0 0.0 -0.7071067811865476 8.659560562354934e-17 0.0 0.0 0.0 0.0 0.0 0.0 0.0 0.0 -0.7071067811865475 0.0 0.0 0.0 0.0 0.0 0.0 0.0 0.7071067811865476 -8.659560562354934e-17 0.0 0.0 0.0 0.0 -0.0 0.0 -0.0 0.0 -0.7071067811865475 0.0 -0.0 0.0 -0.0 0.0 -0.0 0.0 0.7071067811865476 -8.659560562354934e-17 -0.0 0.0 -0.0 0.0 -0.0 0.0 -0.0 0.0 0.7071067811865475 -0.0 -0.0 0.0 -0.0 0.0 -0.0 0.0 -0.7071067811865476 8.659560562354934e-17 
