18
2
10 11
16
0.6578683305435613 0.0 0.17194265248192103 0.0 0.7094127547451987 0.0 0.1854144744353507 0.0 -0.2515814375624478 0.0 0.9625736135619931 0.0 -0.025486925013978493 0.0 0.09751530854973833 0.0 -0.7094127547451987 0.0 -0.1854144744353507 0.0 0.6578683305435613 0.0 0.17194265248192103 0.0 -0.025486925013978493 0.0 0.09751530854973833 0.0 0.2515814375624478 0.0 -0.9625736135619931 0.0 
3
8 9 10
64
0.7019755775552332 0.0 -0.025007643616644815 0.0 -0.19409273234442964 0.0 0.006914488244668907 0.0 0.5620542958967791 0.0 -0.02002299506478906 0.0 -0.3903661873281967 0.0 0.013906663999181426 0.0 -0.02200043790293342 0.0 -0.6175619878516074 0.0 0.010502207721706253 0.0 0.29480159922556076 0.0 -0.01839657881293055 0.0 -0.5164000749215694 0.0 0.018296400600184053 0.0 0.5135880283397649 0.0 0.3903661873281967 0.0 -0.013906663999181426 0.0 0.5620542958967791 0.0 -0.02002299506478906 0.0 0.19409273234442964 0.0 -0.006914488244668907 0.0 0.7019755775552332 0.0 -0.025007643616644815 0.0 0.018296400600184053 0.0 0.5135880283397649 0.0 0.01839657881293055 0.0 0.5164000749215694 0.0 0.010502207721706253 0.0 0.29480159922556076 0.0 0.02200043790293342 0.0 0.6175619878516074 0.0 -0.29480159922556076 0.0 0.010502207721706253 0.0 -0.6175619878516074 0.0 0.02200043790293342 0.0 0.5135880283397649 0.0 -0.018296400600184053 0.0 0.5164000749215694 0.0 -0.01839657881293055 0.0 0.006914488244668907 0.0 0.19409273234442964 0.0 0.025007643616644815 0.0 0.7019755775552332 0.0 -0.013906663999181426 0.0 -0.3903661873281967 0.0 -0.02002299506478906 0.0 -0.5620542958967791 0.0 -0.5164000749215694 0.0 0.01839657881293055 0.0 0.5135880283397649 0.0 -0.018296400600184053 0.0 0.6175619878516074 0.0 -0.02200043790293342 0.0 -0.29480159922556076 0.0 0.010502207721706253 0.0 -0.02002299506478906 0.0 -0.5620542958967791 0.0 0.013906663999181426 0.0 0.3903661873281967 0.0 0.025007643616644815 0.0 0.7019755775552332 0.0 -0.006914488244668907 0.0 -0.19409273234442964 0.0 
3
6 7 8
64
0.7223453643791169 0.0 -0.006080384862619752 0.0 -0.6388065534588373 0.0 0.0053771919767658756 0.0 -0.26282027567747424 0.0 0.0022123052276973466 0.0 -0.03159136319004781 0.0 0.0002659221696471967 0.0 -0.0022226013083640516 0.0 -0.2640434426823443 0.0 0.00015827964134811404 0.0 0.018803507966457716 0.0 0.005812351979244463 0.0 0.6905032499107425 0.0 0.0056658484008967015 0.0 0.6730987297898134 0.0 0.03159136319004781 0.0 -0.0002659221696471967 0.0 -0.26282027567747424 0.0 0.0022123052276973466 0.0 0.6388065534588373 0.0 -0.0053771919767658756 0.0 0.7223453643791169 0.0 -0.006080384862619752 0.0 0.0056658484008967015 0.0 0.6730987297898134 0.0 -0.005812351979244463 0.0 -0.6905032499107425 0.0 0.00015827964134811404 0.0 0.018803507966457716 0.0 0.0022226013083640516 0.0 0.2640434426823443 0.0 -0.018803507966457716 0.0 0.00015827964134811404 0.0 -0.2640434426823443 0.0 0.0022226013083640516 0.0 0.6730987297898134 0.0 -0.0056658484008967015 0.0 -0.6905032499107425 0.0 0.005812351979244463 0.0 0.0053771919767658756 0.0 0.6388065534588373 0.0 0.006080384862619752 0.0 0.7223453643791169 0.0 -0.0002659221696471967 0.0 -0.03159136319004781 0.0 0.0022123052276973466 0.0 0.26282027567747424 0.0 0.6905032499107425 0.0 -0.005812351979244463 0.0 0.6730987297898134 0.0 -0.0056658484008967015 0.0 0.2640434426823443 0.0 -0.0022226013083640516 0.0 -0.018803507966457716 0.0 0.00015827964134811404 0.0 0.0022123052276973466 0.0 0.26282027567747424 0.0 0.0002659221696471967 0.0 0.03159136319004781 0.0 0.006080384862619752 0.0 0.7223453643791169 0.0 -0.0053771919767658756 0.0 -0.6388065534588373 0.0 
3
4 5 6
64
0.5037026283384447 0.0 -0.010183141728975515 0.0 -0.6158055025859251 0.0 0.012449477841719767 0.0 -0.3742928772806674 0.0 0.007566919851238284 0.0 -0.47598691609793153 0.0 0.009622824966691302 0.0 -0.007176629208743482 0.0 -0.35498739890544795 0.0 0.009917309593576847 0.0 0.49055341085125936 0.0 0.010672148096408901 0.0 0.5278910172567252 0.0 0.01203291855753166 0.0 0.5952006625582846 0.0 0.47598691609793153 0.0 -0.009622824966691302 0.0 -0.3742928772806674 0.0 0.007566919851238284 0.0 0.6158055025859251 0.0 -0.012449477841719767 0.0 0.5037026283384447 0.0 -0.010183141728975515 0.0 0.01203291855753166 0.0 0.5952006625582846 0.0 -0.010672148096408901 0.0 -0.5278910172567252 0.0 0.009917309593576847 0.0 0.49055341085125936 0.0 0.007176629208743482 0.0 0.35498739890544795 0.0 -0.49055341085125936 0.0 0.009917309593576847 0.0 -0.35498739890544795 0.0 0.007176629208743482 0.0 0.5952006625582846 0.0 -0.01203291855753166 0.0 -0.5278910172567252 0.0 0.010672148096408901 0.0 0.012449477841719767 0.0 0.6158055025859251 0.0 0.010183141728975515 0.0 0.5037026283384447 0.0 -0.009622824966691302 0.0 -0.47598691609793153 0.0 0.007566919851238284 0.0 0.3742928772806674 0.0 0.5278910172567252 0.0 -0.010672148096408901 0.0 0.5952006625582846 0.0 -0.01203291855753166 0.0 0.35498739890544795 0.0 -0.007176629208743482 0.0 -0.49055341085125936 0.0 0.009917309593576847 0.0 0.007566919851238284 0.0 0.3742928772806674 0.0 0.009622824966691302 0.0 0.47598691609793153 0.0 0.010183141728975515 0.0 0.5037026283384447 0.0 -0.012449477841719767 0.0 -0.6158055025859251 0.0 
3
2 3 4
64
0.21361080265107588 0.0 0.6623278053346525 0.0 0.08872191040190808 0.0 0.27509371001980787 0.0 0.11068613132353038 0.0 0.34319660583948364 0.0 0.16871132951574097 0.0 0.5231112061115103 0.0 -0.5195486170490528 0.0 0.16756234029466638 0.0 -0.34856631900055635 0.0 0.11241794558393763 0.0 -0.26825730336862486 0.0 0.08651706515723276 0.0 -0.665126070907819 0.0 0.21451328590830973 0.0 -0.16871132951574097 0.0 -0.5231112061115103 0.0 0.11068613132353038 0.0 0.34319660583948364 0.0 -0.08872191040190808 0.0 -0.27509371001980787 0.0 0.21361080265107588 0.0 0.6623278053346525 0.0 -0.665126070907819 0.0 0.21451328590830973 0.0 0.26825730336862486 0.0 -0.08651706515723276 0.0 -0.34856631900055635 0.0 0.11241794558393763 0.0 0.5195486170490528 0.0 -0.16756234029466638 0.0 -0.11241794558393763 0.0 -0.34856631900055635 0.0 0.16756234029466638 0.0 0.5195486170490528 0.0 0.21451328590830973 0.0 0.665126070907819 0.0 -0.08651706515723276 0.0 -0.26825730336862486 0.0 0.27509371001980787 0.0 -0.08872191040190808 0.0 -0.6623278053346525 0.0 0.21361080265107588 0.0 -0.5231112061115103 0.0 0.16871132951574097 0.0 0.34319660583948364 0.0 -0.11068613132353038 0.0 0.08651706515723276 0.0 0.26825730336862486 0.0 0.21451328590830973 0.0 0.665126070907819 0.0 -0.16756234029466638 0.0 -0.5195486170490528 0.0 -0.11241794558393763 0.0 -0.34856631900055635 0.0 0.34319660583948364 0.0 -0.11068613132353038 0.0 0.5231112061115103 0.0 -0.16871132951574097 0.0 -0.6623278053346525 0.0 0.21361080265107588 0.0 -0.27509371001980787 0.0 0.08872191040190808 0.0 
3
0 1 2
64
0.14153407143849367 0.0 -0.5569739229021348 0.0 -0.384359397280783 0.0 0.18500575401372077 0.0 0.12497033468552446 0.0 -0.5017204369081817 0.0 -0.4244798174542833 0.0 0.20066086749550327 0.0 -0.16340587230520248 0.0 -0.41419602761996055 0.0 0.5150599008383011 0.0 0.15569955260461918 0.0 -0.1437491717470455 0.0 -0.3729710178394297 0.0 0.5690195562836281 0.0 0.1692827797143679 0.0 0.4136523510167648 0.0 0.22212526121171558 0.0 0.09912544295105251 0.0 0.507459484020652 0.0 0.3743858462023357 0.0 0.2044370647891258 0.0 0.11283926082649551 0.0 0.563488372006983 0.0 -0.5769385611636146 0.0 0.13993502629255575 0.0 -0.162651638445886 0.0 0.365124155647104 0.0 -0.5223543681189698 0.0 0.1291315849816409 0.0 -0.1843927159567614 0.0 0.40528897678331743 0.0 -0.15569955260461918 0.0 0.5150599008383011 0.0 -0.41419602761996055 0.0 0.16340587230520248 0.0 0.1692827797143679 0.0 -0.5690195562836281 0.0 0.3729710178394297 0.0 -0.1437491717470455 0.0 0.18500575401372077 0.0 0.384359397280783 0.0 0.5569739229021348 0.0 0.14153407143849367 0.0 -0.20066086749550327 0.0 -0.4244798174542833 0.0 -0.5017204369081817 0.0 -0.12497033468552446 0.0 -0.365124155647104 0.0 -0.162651638445886 0.0 0.13993502629255575 0.0 0.5769385611636146 0.0 0.40528897678331743 0.0 0.1843927159567614 0.0 -0.1291315849816409 0.0 -0.5223543681189698 0.0 0.507459484020652 0.0 -0.09912544295105251 0.0 -0.22212526121171558 0.0 0.4136523510167648 0.0 -0.563488372006983 0.0 0.11283926082649551 0.0 0.2044370647891258 0.0 -0.3743858462023357 0.0 
2
10 11
16
0.9840392831205639 0.0 0.0 0.0 -0.17795136772603568 0.0 0.0 0.0 0.0 0.0 -0.17795136772603568 0.0 0.0 0.0 0.9840392831205639 0.0 0.17795136772603568 0.0 0.0 0.0 0.9840392831205639 0.0 0.0 0.0 0.0 0.0 0.9840392831205639 0.0 0.0 0.0 0.17795136772603568 0.0 
3
8 9 10
64
0.9687227137876036 0.0 0.0 0.0 -5.523681516236977e-07 0.0 0.0 0.0 -0.24814573094660672 0.0 0.0 0.0 2.1563601872557945e-06 0.0 0.0 0.0 0.0 0.0 2.1563601872557945e-06 0.0 0.0 0.0 -0.24814573094660672 0.0 0.0 0.0 -5.523681516236977e-07 0.0 0.0 0.0 0.9687227137876036 0.0 -2.1563601872557945e-06 0.0 0.0 0.0 -0.24814573094660672 0.0 0.0 0.0 5.523681516236977e-07 0.0 0.0 0.0 0.9687227137876036 0.0 0.0 0.0 0.0 0.0 0.9687227137876036 0.0 0.0 0.0 5.523681516236977e-07 0.0 0.0 0.0 -0.24814573094660672 0.0 0.0 0.0 -2.1563601872557945e-06 0.0 0.24814573094660672 0.0 0.0 0.0 2.1563601872557945e-06 0.0 0.0 0.0 0.9687227137876036 0.0 0.0 0.0 5.523681516236977e-07 0.0 0.0 0.0 0.0 0.0 5.523681516236977e-07 0.0 0.0 0.0 0.9687227137876036 0.0 0.0 0.0 2.1563601872557945e-06 0.0 0.0 0.0 0.24814573094660672 0.0 -5.523681516236977e-07 0.0 0.0 0.0 0.9687227137876036 0.0 0.0 0.0 -2.1563601872557945e-06 0.0 0.0 0.0 0.24814573094660672 0.0 0.0 0.0 0.0 0.0 0.24814573094660672 0.0 0.0 0.0 -2.1563601872557945e-06 0.0 0.0 0.0 0.9687227137876036 0.0 0.0 0.0 -5.523681516236977e-07 0.0 
3
6 7 8
64
0.6897548094795449 0.0 0.0 0.0 0.021592662386510635 0.0 0.0 0.0 0.7234280964774178 0.0 0.0 0.0 0.02058759233030244 0.0 0.0 0.0 0.0 0.0 0.02058759233030244 0.0 0.0 0.0 0.7234280964774178 0.0 0.0 0.0 0.021592662386510635 0.0 0.0 0.0 0.6897548094795449 0.0 -0.02058759233030244 0.0 0.0 0.0 0.7234280964774178 0.0 0.0 0.0 -0.021592662386510635 0.0 0.0 0.0 0.6897548094795449 0.0 0.0 0.0 0.0 0.0 0.6897548094795449 0.0 0.0 0.0 -0.021592662386510635 0.0 0.0 0.0 0.7234280964774178 0.0 0.0 0.0 -0.02058759233030244 0.0 -0.7234280964774178 0.0 0.0 0.0 0.02058759233030244 0.0 0.0 0.0 0.6897548094795449 0.0 0.0 0.0 -0.021592662386510635 0.0 0.0 0.0 0.0 0.0 -0.021592662386510635 0.0 0.0 0.0 0.6897548094795449 0.0 0.0 0.0 0.02058759233030244 0.0 0.0 0.0 -0.7234280964774178 0.0 0.021592662386510635 0.0 0.0 0.0 0.6897548094795449 0.0 0.0 0.0 -0.02058759233030244 0.0 0.0 0.0 -0.7234280964774178 0.0 0.0 0.0 0.0 0.0 -0.7234280964774178 0.0 0.0 0.0 -0.02058759233030244 0.0 0.0 0.0 0.6897548094795449 0.0 0.0 0.0 0.021592662386510635 0.0 
3
4 5 6
64
0.6892479378749903 0.0 0.0 0.0 0.045654254698202446 0.0 0.0 0.0 -0.04359711682376916 0.0 0.0 0.0 -0.7217702269889497 0.0 0.0 0.0 0.0 0.0 -0.7217702269889497 0.0 0.0 0.0 -0.04359711682376916 0.0 0.0 0.0 0.045654254698202446 0.0 0.0 0.0 0.6892479378749903 0.0 0.7217702269889497 0.0 0.0 0.0 -0.04359711682376916 0.0 0.0 0.0 -0.045654254698202446 0.0 0.0 0.0 0.6892479378749903 0.0 0.0 0.0 0.0 0.0 0.6892479378749903 0.0 0.0 0.0 -0.045654254698202446 0.0 0.0 0.0 -0.04359711682376916 0.0 0.0 0.0 0.7217702269889497 0.0 0.04359711682376916 0.0 0.0 0.0 -0.7217702269889497 0.0 0.0 0.0 0.6892479378749903 0.0 0.0 0.0 -0.045654254698202446 0.0 0.0 0.0 0.0 0.0 -0.045654254698202446 0.0 0.0 0.0 0.6892479378749903 0.0 0.0 0.0 -0.7217702269889497 0.0 0.0 0.0 0.04359711682376916 0.0 0.045654254698202446 0.0 0.0 0.0 0.6892479378749903 0.0 0.0 0.0 0.7217702269889497 0.0 0.0 0.0 0.04359711682376916 0.0 0.0 0.0 0.0 0.0 0.04359711682376916 0.0 0.0 0.0 0.7217702269889497 0.0 0.0 0.0 0.6892479378749903 0.0 0.0 0.0 0.045654254698202446 0.0 
3
2 3 4
64
0.5128008247062482 0.0 0.0 0.0 -0.4867900541278093 0.0 0.0 0.0 -0.5141318361231891 0.0 0.0 0.0 0.4855298265476947 0.0 0.0 0.0 0.0 0.0 0.4855298265476947 0.0 0.0 0.0 -0.5141318361231891 0.0 0.0 0.0 -0.4867900541278093 0.0 0.0 0.0 0.5128008247062482 0.0 -0.4855298265476947 0.0 0.0 0.0 -0.5141318361231891 0.0 0.0 0.0 0.4867900541278093 0.0 0.0 0.0 0.5128008247062482 0.0 0.0 0.0 0.0 0.0 0.5128008247062482 0.0 0.0 0.0 0.4867900541278093 0.0 0.0 0.0 -0.5141318361231891 0.0 0.0 0.0 -0.4855298265476947 0.0 0.5141318361231891 0.0 0.0 0.0 0.4855298265476947 0.0 0.0 0.0 0.5128008247062482 0.0 0.0 0.0 0.4867900541278093 0.0 0.0 0.0 0.0 0.0 0.4867900541278093 0.0 0.0 0.0 0.5128008247062482 0.0 0.0 0.0 0.4855298265476947 0.0 0.0 0.0 0.5141318361231891 0.0 -0.4867900541278093 0.0 0.0 0.0 0.5128008247062482 0.0 0.0 0.0 -0.4855298265476947 0.0 0.0 0.0 0.5141318361231891 0.0 0.0 0.0 0.0 0.0 0.5141318361231891 0.0 0.0 0.0 -0.4855298265476947 0.0 0.0 0.0 0.5128008247062482 0.0 0.0 0.0 -0.4867900541278093 0.0 
3
0 1 2
64
0.493178351989144 0.0 0.1967989436796887 0.0 0.3403701309166553 0.0 0.3129595493563142 0.0 -0.5166666693763365 0.0 -0.2061717720529716 0.0 -0.3248964761640833 0.0 -0.29873201415744594 0.0 0.29873201415744594 0.0 -0.3248964761640833 0.0 0.2061717720529716 0.0 -0.5166666693763365 0.0 -0.3129595493563142 0.0 0.3403701309166553 0.0 -0.1967989436796887 0.0 0.493178351989144 0.0 0.3248964761640833 0.0 -0.29873201415744594 0.0 -0.5166666693763365 0.0 0.2061717720529716 0.0 -0.3403701309166553 0.0 0.3129595493563142 0.0 0.493178351989144 0.0 -0.1967989436796887 0.0 0.1967989436796887 0.0 0.493178351989144 0.0 -0.3129595493563142 0.0 -0.3403701309166553 0.0 -0.2061717720529716 0.0 -0.5166666693763365 0.0 0.29873201415744594 0.0 0.3248964761640833 0.0 0.5166666693763365 0.0 0.2061717720529716 0.0 -0.3248964761640833 0.0 -0.29873201415744594 0.0 0.493178351989144 0.0 0.1967989436796887 0.0 -0.3403701309166553 0.0 -0.3129595493563142 0.0 0.3129595493563142 0.0 -0.3403701309166553 0.0 -0.1967989436796887 0.0 0.493178351989144 0.0 0.29873201415744594 0.0 -0.3248964761640833 0.0 -0.2061717720529716 0.0 0.5166666693763365 0.0 0.3403701309166553 0.0 -0.3129595493563142 0.0 0.493178351989144 0.0 -0.1967989436796887 0.0 0.3248964761640833 0.0 -0.29873201415744594 0.0 0.5166666693763365 0.0 -0.2061717720529716 0.0 0.2061717720529716 0.0 0.5166666693763365 0.0 0.29873201415744594 0.0 0.3248964761640833 0.0 0.1967989436796887 0.0 0.493178351989144 0.0 0.3129595493563142 0.0 0.3403701309166553 0.0 
2
10 11
16
0.7083877153789052 0.0 0.0 0.0 -0.7058235223483665 0.0 0.0 0.0 0.0 0.0 -0.7058235223483665 0.0 0.0 0.0 0.7083877153789052 0.0 0.7058235223483665 0.0 0.0 0.0 0.7083877153789052 0.0 0.0 0.0 0.0 0.0 0.7083877153789052 0.0 0.0 0.0 0.7058235223483665 0.0 
3
8 9 10
64
0.5131708535574724 0.0 0.0 0.0 -0.48575014611254974 0.0 0.0 0.0 0.5230328673346897 0.0 0.0 0.0 -0.4765911143720418 0.0 0.0 0.0 0.0 0.0 -0.4765911143720418 0.0 0.0 0.0 0.5230328673346897 0.0 0.0 0.0 -0.48575014611254974 0.0 0.0 0.0 0.5131708535574724 0.0 0.4765911143720418 0.0 0.0 0.0 0.5230328673346897 0.0 0.0 0.0 0.48575014611254974 0.0 0.0 0.0 0.5131708535574724 0.0 0.0 0.0 0.0 0.0 0.5131708535574724 0.0 0.0 0.0 0.48575014611254974 0.0 0.0 0.0 0.5230328673346897 0.0 0.0 0.0 0.4765911143720418 0.0 -0.5230328673346897 0.0 0.0 0.0 -0.4765911143720418 0.0 0.0 0.0 0.5131708535574724 0.0 0.0 0.0 0.48575014611254974 0.0 0.0 0.0 0.0 0.0 0.48575014611254974 0.0 0.0 0.0 0.5131708535574724 0.0 0.0 0.0 -0.4765911143720418 0.0 0.0 0.0 -0.5230328673346897 0.0 -0.48575014611254974 0.0 0.0 0.0 0.5131708535574724 0.0 0.0 0.0 0.4765911143720418 0.0 0.0 0.0 -0.5230328673346897 0.0 0.0 0.0 0.0 0.0 -0.5230328673346897 0.0 0.0 0.0 0.4765911143720418 0.0 0.0 0.0 0.5131708535574724 0.0 0.0 0.0 -0.48575014611254974 0.0 
3
6 7 8
64
0.5092868829595263 0.0 0.0 0.0 0.4907123074934622 0.0 0.0 0.0 0.4992775208468576 0.0 0.0 0.0 0.5005499568442966 0.0 0.0 0.0 0.0 0.0 0.5005499568442966 0.0 0.0 0.0 0.4992775208468576 0.0 0.0 0.0 0.4907123074934622 0.0 0.0 0.0 0.5092868829595263 0.0 -0.5005499568442966 0.0 0.0 0.0 0.4992775208468576 0.0 0.0 0.0 -0.4907123074934622 0.0 0.0 0.0 0.5092868829595263 0.0 0.0 0.0 0.0 0.0 0.5092868829595263 0.0 0.0 0.0 -0.4907123074934622 0.0 0.0 0.0 0.4992775208468576 0.0 0.0 0.0 -0.5005499568442966 0.0 -0.4992775208468576 0.0 0.0 0.0 0.5005499568442966 0.0 0.0 0.0 0.5092868829595263 0.0 0.0 0.0 -0.4907123074934622 0.0 0.0 0.0 0.0 0.0 -0.4907123074934622 0.0 0.0 0.0 0.5092868829595263 0.0 0.0 0.0 0.5005499568442966 0.0 0.0 0.0 -0.4992775208468576 0.0 0.4907123074934622 0.0 0.0 0.0 0.5092868829595263 0.0 0.0 0.0 -0.5005499568442966 0.0 0.0 0.0 -0.4992775208468576 0.0 0.0 0.0 0.0 0.0 -0.4992775208468576 0.0 0.0 0.0 -0.5005499568442966 0.0 0.0 0.0 0.5092868829595263 0.0 0.0 0.0 0.4907123074934622 0.0 
3
4 5 6
64
0.32094664323302685 0.0 0.0 0.0 -0.0035851698452905936 0.0 0.0 0.0 0.0012149305526274624 0.0 0.0 0.0 -0.9470897120644827 0.0 0.0 0.0 0.0 0.0 -0.9470897120644827 0.0 0.0 0.0 0.0012149305526274624 0.0 0.0 0.0 -0.0035851698452905936 0.0 0.0 0.0 0.32094664323302685 0.0 0.9470897120644827 0.0 0.0 0.0 0.0012149305526274624 0.0 0.0 0.0 0.0035851698452905936 0.0 0.0 0.0 0.32094664323302685 0.0 0.0 0.0 0.0 0.0 0.32094664323302685 0.0 0.0 0.0 0.0035851698452905936 0.0 0.0 0.0 0.0012149305526274624 0.0 0.0 0.0 0.9470897120644827 0.0 -0.0012149305526274624 0.0 0.0 0.0 -0.9470897120644827 0.0 0.0 0.0 0.32094664323302685 0.0 0.0 0.0 0.0035851698452905936 0.0 0.0 0.0 0.0 0.0 0.0035851698452905936 0.0 0.0 0.0 0.32094664323302685 0.0 0.0 0.0 -0.9470897120644827 0.0 0.0 0.0 -0.0012149305526274624 0.0 -0.0035851698452905936 0.0 0.0 0.0 0.32094664323302685 0.0 0.0 0.0 0.9470897120644827 0.0 0.0 0.0 -0.0012149305526274624 0.0 0.0 0.0 0.0 0.0 -0.0012149305526274624 0.0 0.0 0.0 0.9470897120644827 0.0 0.0 0.0 0.32094664323302685 0.0 0.0 0.0 -0.0035851698452905936 0.0 
3
2 3 4
64
0.13848217784322883 0.0 0.0 0.0 0.043970900596398514 0.0 0.0 0.0 0.9893691763130847 0.0 0.0 0.0 0.0061546147000545726 0.0 0.0 0.0 0.0 0.0 0.0061546147000545726 0.0 0.0 0.0 0.9893691763130847 0.0 0.0 0.0 0.043970900596398514 0.0 0.0 0.0 0.13848217784322883 0.0 -0.0061546147000545726 0.0 0.0 0.0 0.9893691763130847 0.0 0.0 0.0 -0.043970900596398514 0.0 0.0 0.0 0.13848217784322883 0.0 0.0 0.0 0.0 0.0 0.13848217784322883 0.0 0.0 0.0 -0.043970900596398514 0.0 0.0 0.0 0.9893691763130847 0.0 0.0 0.0 -0.0061546147000545726 0.0 -0.9893691763130847 0.0 0.0 0.0 0.0061546147000545726 0.0 0.0 0.0 0.13848217784322883 0.0 0.0 0.0 -0.043970900596398514 0.0 0.0 0.0 0.0 0.0 -0.043970900596398514 0.0 0.0 0.0 0.13848217784322883 0.0 0.0 0.0 0.0061546147000545726 0.0 0.0 0.0 -0.9893691763130847 0.0 0.043970900596398514 0.0 0.0 0.0 0.13848217784322883 0.0 0.0 0.0 -0.0061546147000545726 0.0 0.0 0.0 -0.9893691763130847 0.0 0.0 0.0 0.0 0.0 -0.9893691763130847 0.0 0.0 0.0 -0.0061546147000545726 0.0 0.0 0.0 0.13848217784322883 0.0 0.0 0.0 0.043970900596398514 0.0 
3
0 1 2
64
0.32971578395427703 0.0 0.04741699147508619 0.0 0.06736044954343837 0.0 0.6493853518754481 0.0 0.5515140792851629 0.0 0.07931418412010588 0.0 0.040270600992660464 0.0 0.3882268983224442 0.0 -0.3882268983224442 0.0 0.040270600992660464 0.0 -0.07931418412010588 0.0 0.5515140792851629 0.0 -0.6493853518754481 0.0 0.06736044954343837 0.0 -0.04741699147508619 0.0 0.32971578395427703 0.0 -0.040270600992660464 0.0 0.3882268983224442 0.0 0.5515140792851629 0.0 -0.07931418412010588 0.0 -0.06736044954343837 0.0 0.6493853518754481 0.0 0.32971578395427703 0.0 -0.04741699147508619 0.0 0.04741699147508619 0.0 0.32971578395427703 0.0 -0.6493853518754481 0.0 -0.06736044954343837 0.0 0.07931418412010588 0.0 0.5515140792851629 0.0 -0.3882268983224442 0.0 -0.040270600992660464 0.0 -0.5515140792851629 0.0 -0.07931418412010588 0.0 0.040270600992660464 0.0 0.3882268983224442 0.0 0.32971578395427703 0.0 0.04741699147508619 0.0 -0.06736044954343837 0.0 -0.6493853518754481 0.0 0.6493853518754481 0.0 -0.06736044954343837 0.0 -0.04741699147508619 0.0 0.32971578395427703 0.0 -0.3882268983224442 0.0 0.040270600992660464 0.0 0.07931418412010588 0.0 -0.5515140792851629 0.0 0.06736044954343837 0.0 -0.6493853518754481 0.0 0.32971578395427703 0.0 -0.04741699147508619 0.0 -0.040270600992660464 0.0 0.3882268983224442 0.0 -0.5515140792851629 0.0 0.07931418412010588 0.0 -0.07931418412010588 0.0 -0.5515140792851629 0.0 -0.3882268983224442 0.0 -0.040270600992660464 0.0 0.04741699147508619 0.0 0.32971578395427703 0.0 0.6493853518754481 0.0 0.06736044954343837 0.0 
