16
2
14 15
16
-0.47508991760823416 0.0 -0.47530298270297594 0.0 -0.5235125441381431 0.0 -0.5237473254830658 0.0 -0.5237473254830658 0.0 0.5235125441381431 0.0 -0.47530298270297605 0.0 0.47508991760823427 0.0 0.5235125441381431 0.0 0.5237473254830658 0.0 -0.47508991760823416 0.0 -0.47530298270297594 0.0 -0.47530298270297605 0.0 0.47508991760823427 0.0 0.5237473254830658 0.0 -0.5235125441381431 0.0 
3
12 13 14
64
0.081478191715193 0.0 -0.5203279647453992 0.0 -0.07299363622099583 0.0 0.46614473609083173 0.0 -0.07402618044743214 0.0 0.47273866784780055 0.0 0.0805415745491631 0.0 -0.5143466328885331 0.0 0.5203399404190698 0.0 0.0814800669867551 0.0 -0.466133728930833 0.0 -0.07299191260905613 0.0 -0.4727495212231747 0.0 -0.07402787997822696 0.0 0.5143345176677719 0.0 0.08053967742591253 0.0 -0.0805415745491631 0.0 0.5143466328885331 0.0 -0.07402618044743214 0.0 0.47273866784780055 0.0 0.07299363622099583 0.0 -0.46614473609083173 0.0 0.081478191715193 0.0 -0.5203279647453992 0.0 0.5143345176677719 0.0 0.08053967742591253 0.0 0.4727495212231747 0.0 0.07402787997822696 0.0 -0.466133728930833 0.0 -0.07299191260905613 0.0 -0.5203399404190698 0.0 -0.0814800669867551 0.0 0.07299191260905613 0.0 -0.466133728930833 0.0 0.0814800669867551 0.0 -0.5203399404190698 0.0 0.08053967742591253 0.0 -0.5143345176677719 0.0 0.07402787997822696 0.0 -0.4727495212231747 0.0 0.46614473609083173 0.0 0.07299363622099583 0.0 0.5203279647453992 0.0 0.081478191715193 0.0 0.5143466328885331 0.0 0.0805415745491631 0.0 0.47273866784780055 0.0 0.07402618044743214 0.0 -0.07402787997822696 0.0 0.4727495212231747 0.0 0.08053967742591253 0.0 -0.5143345176677719 0.0 -0.0814800669867551 0.0 0.5203399404190698 0.0 0.07299191260905613 0.0 -0.466133728930833 0.0 0.47273866784780055 0.0 0.07402618044743214 0.0 -0.5143466328885331 0.0 -0.0805415745491631 0.0 0.5203279647453992 0.0 0.081478191715193 0.0 -0.46614473609083173 0.0 -0.07299363622099583 0.0 
3
10 11 12
64
-0.22507278857485152 0.0 -0.3830556665625066 0.0 0.2786782916979915 0.0 0.47428789352460365 0.0 0.22508201776532863 0.0 0.38307137389759777 0.0 -0.27867083750094984 0.0 -0.47427520708465415 0.0 -0.38305710500679385 0.0 0.22507363376445508 0.0 0.4742867316917044 0.0 -0.2786776090374977 0.0 0.38307281238036206 0.0 -0.22508286297754018 0.0 -0.47427404529939426 0.0 0.27867015486844754 0.0 0.27867083750094984 0.0 0.47427520708465415 0.0 0.22508201776532863 0.0 0.38307137389759777 0.0 -0.2786782916979915 0.0 -0.47428789352460365 0.0 -0.22507278857485152 0.0 -0.3830556665625066 0.0 -0.47427404529939426 0.0 0.27867015486844754 0.0 -0.38307281238036206 0.0 0.22508286297754018 0.0 0.4742867316917044 0.0 -0.2786776090374977 0.0 0.38305710500679385 0.0 -0.22507363376445508 0.0 0.2786776090374977 0.0 0.4742867316917044 0.0 0.22507363376445508 0.0 0.38305710500679385 0.0 0.27867015486844754 0.0 0.47427404529939426 0.0 0.22508286297754018 0.0 0.38307281238036206 0.0 0.47428789352460365 0.0 -0.2786782916979915 0.0 0.3830556665625066 0.0 -0.22507278857485152 0.0 0.47427520708465415 0.0 -0.27867083750094984 0.0 0.38307137389759777 0.0 -0.22508201776532863 0.0 -0.22508286297754018 0.0 -0.38307281238036206 0.0 0.27867015486844754 0.0 0.47427404529939426 0.0 -0.22507363376445508 0.0 -0.38305710500679385 0.0 0.2786776090374977 0.0 0.4742867316917044 0.0 0.38307137389759777 0.0 -0.22508201776532863 0.0 -0.47427520708465415 0.0 0.27867083750094984 0.0 0.3830556665625066 0.0 -0.22507278857485152 0.0 -0.47428789352460365 0.0 0.2786782916979915 0.0 
3
13 14 15
64
4.357479102767603e-17 0.0 0.0 0.0 0.7025540949209836 0.0 0.0 0.0 -0.7116303420384473 0.0 0.0 0.0 -4.301903117864242e-17 0.0 0.0 0.0 0.0 0.0 -4.301903117864242e-17 0.0 0.0 0.0 -0.7116303420384473 0.0 0.0 0.0 0.7025540949209836 0.0 0.0 0.0 4.357479102767603e-17 0.0 4.301903117864242e-17 0.0 0.0 0.0 -0.7116303420384473 0.0 0.0 0.0 -0.7025540949209836 0.0 0.0 0.0 4.357479102767603e-17 0.0 0.0 0.0 0.0 0.0 4.357479102767603e-17 0.0 0.0 0.0 -0.7025540949209836 0.0 0.0 0.0 -0.7116303420384473 0.0 0.0 0.0 4.301903117864242e-17 0.0 0.7116303420384473 0.0 0.0 0.0 -4.301903117864242e-17 0.0 0.0 0.0 4.357479102767603e-17 0.0 0.0 0.0 -0.7025540949209836 0.0 0.0 0.0 0.0 0.0 -0.7025540949209836 0.0 0.0 0.0 4.357479102767603e-17 0.0 0.0 0.0 -4.301903117864242e-17 0.0 0.0 0.0 0.7116303420384473 0.0 0.7025540949209836 0.0 0.0 0.0 4.357479102767603e-17 0.0 0.0 0.0 4.301903117864242e-17 0.0 0.0 0.0 0.7116303420384473 0.0 0.0 0.0 0.0 0.0 0.7116303420384473 0.0 0.0 0.0 4.301903117864242e-17 0.0 0.0 0.0 4.357479102767603e-17 0.0 0.0 0.0 0.7025540949209836 0.0 
3
11 12 13
64
0.5076571970609319 0.0 0.0 0.0 -0.4584228187378292 0.0 0.0 0.0 0.37027216887981895 0.0 0.0 0.0 -0.6285150837376429 0.0 0.0 0.0 0.0 0.0 -0.6285150837376429 0.0 0.0 0.0 0.37027216887981895 0.0 0.0 0.0 -0.4584228187378292 0.0 0.0 0.0 0.5076571970609319 0.0 0.6285150837376429 0.0 0.0 0.0 0.37027216887981895 0.0 0.0 0.0 0.4584228187378292 0.0 0.0 0.0 0.5076571970609319 0.0 0.0 0.0 0.0 0.0 0.5076571970609319 0.0 0.0 0.0 0.4584228187378292 0.0 0.0 0.0 0.37027216887981895 0.0 0.0 0.0 0.6285150837376429 0.0 -0.37027216887981895 0.0 0.0 0.0 -0.6285150837376429 0.0 0.0 0.0 0.5076571970609319 0.0 0.0 0.0 0.4584228187378292 0.0 0.0 0.0 0.0 0.0 0.4584228187378292 0.0 0.0 0.0 0.5076571970609319 0.0 0.0 0.0 -0.6285150837376429 0.0 0.0 0.0 -0.37027216887981895 0.0 -0.4584228187378292 0.0 0.0 0.0 0.5076571970609319 0.0 0.0 0.0 0.6285150837376429 0.0 0.0 0.0 -0.37027216887981895 0.0 0.0 0.0 0.0 0.0 -0.37027216887981895 0.0 0.0 0.0 0.6285150837376429 0.0 0.0 0.0 0.5076571970609319 0.0 0.0 0.0 -0.4584228187378292 0.0 
3
9 10 11
64
0.25626741208467846 0.0 -0.6345849025714231 0.0 -0.2562784510383839 0.0 0.634612237897849 0.0 0.06657226140780619 0.0 -0.1648502697856594 0.0 -0.06657512906899561 0.0 0.16485737086215482 0.0 -0.634612237897849 0.0 -0.2562784510383839 0.0 0.6345849025714231 0.0 0.25626741208467846 0.0 -0.16485737086215482 0.0 -0.06657512906899561 0.0 0.1648502697856594 0.0 0.06657226140780619 0.0 0.06657512906899561 0.0 -0.16485737086215482 0.0 0.06657226140780619 0.0 -0.1648502697856594 0.0 0.2562784510383839 0.0 -0.634612237897849 0.0 0.25626741208467846 0.0 -0.6345849025714231 0.0 0.1648502697856594 0.0 0.06657226140780619 0.0 0.16485737086215482 0.0 0.06657512906899561 0.0 0.6345849025714231 0.0 0.25626741208467846 0.0 0.634612237897849 0.0 0.2562784510383839 0.0 -0.06657226140780619 0.0 0.1648502697856594 0.0 0.06657512906899561 0.0 -0.16485737086215482 0.0 0.25626741208467846 0.0 -0.6345849025714231 0.0 -0.2562784510383839 0.0 0.634612237897849 0.0 0.16485737086215482 0.0 0.06657512906899561 0.0 -0.1648502697856594 0.0 -0.06657226140780619 0.0 -0.634612237897849 0.0 -0.2562784510383839 0.0 0.6345849025714231 0.0 0.25626741208467846 0.0 0.2562784510383839 0.0 -0.634612237897849 0.0 0.25626741208467846 0.0 -0.6345849025714231 0.0 -0.06657512906899561 0.0 0.16485737086215482 0.0 -0.06657226140780619 0.0 0.1648502697856594 0.0 0.6345849025714231 0.0 0.25626741208467846 0.0 0.634612237897849 0.0 0.2562784510383839 0.0 -0.1648502697856594 0.0 -0.06657226140780619 0.0 -0.16485737086215482 0.0 -0.06657512906899561 0.0 
2
8 9
16
0.3445463322326305 0.0 0.6174251210562831 0.0 -0.3445973597629629 0.0 -0.617516562108314 0.0 0.617516562108314 0.0 -0.3445973597629629 0.0 -0.6174251210562831 0.0 0.3445463322326305 0.0 0.3445973597629629 0.0 0.617516562108314 0.0 0.3445463322326305 0.0 0.6174251210562831 0.0 -0.6174251210562831 0.0 0.3445463322326305 0.0 -0.617516562108314 0.0 0.3445973597629629 0.0 
3
6 7 8
64
0.6972431000244006 0.0 -0.11220432605177508 0.0 -0.0350768497820067 0.0 0.005644766208043765 0.0 0.697242878949474 0.0 -0.11220429047514024 0.0 -0.0350812413706032 0.0 0.00564547292746307 0.0 -0.1122041601087867 0.0 -0.6972420688466581 0.0 0.005648063374833236 0.0 0.03509733853564467 0.0 -0.11220412455291914 0.0 -0.6972418479007803 0.0 0.005648770095297663 0.0 0.03510173013073559 0.0 0.0350812413706032 0.0 -0.00564547292746307 0.0 0.697242878949474 0.0 -0.11220429047514024 0.0 0.0350768497820067 0.0 -0.005644766208043765 0.0 0.6972431000244006 0.0 -0.11220432605177508 0.0 0.005648770095297663 0.0 0.03510173013073559 0.0 0.11220412455291914 0.0 0.6972418479007803 0.0 0.005648063374833236 0.0 0.03509733853564467 0.0 0.1122041601087867 0.0 0.6972420688466581 0.0 -0.03509733853564467 0.0 0.005648063374833236 0.0 -0.6972420688466581 0.0 0.1122041601087867 0.0 0.03510173013073559 0.0 -0.005648770095297663 0.0 0.6972418479007803 0.0 -0.11220412455291914 0.0 0.005644766208043765 0.0 0.0350768497820067 0.0 0.11220432605177508 0.0 0.6972431000244006 0.0 -0.00564547292746307 0.0 -0.0350812413706032 0.0 -0.11220429047514024 0.0 -0.697242878949474 0.0 -0.6972418479007803 0.0 0.11220412455291914 0.0 0.03510173013073559 0.0 -0.005648770095297663 0.0 0.6972420688466581 0.0 -0.1122041601087867 0.0 -0.03509733853564467 0.0 0.005648063374833236 0.0 -0.11220429047514024 0.0 -0.697242878949474 0.0 0.00564547292746307 0.0 0.0350812413706032 0.0 0.11220432605177508 0.0 0.6972431000244006 0.0 -0.005644766208043765 0.0 -0.0350768497820067 0.0 
3
4 5 6
64
0.3665886135803082 0.0 -0.4918293881506619 0.0 -0.21020136176169626 0.0 0.2820142342501943 0.0 0.36658500832713703 0.0 -0.4918245512042986 0.0 -0.21020765006912126 0.0 0.28202267088537275 0.0 0.49184709203959714 0.0 0.3666018093027602 0.0 -0.2819833578650007 0.0 -0.2101783478232997 0.0 0.49184225456360714 0.0 0.366598203654828 0.0 -0.281991794196508 0.0 -0.21018463590438125 0.0 0.21020765006912126 0.0 -0.28202267088537275 0.0 0.36658500832713703 0.0 -0.4918245512042986 0.0 0.21020136176169626 0.0 -0.2820142342501943 0.0 0.3665886135803082 0.0 -0.4918293881506619 0.0 -0.281991794196508 0.0 -0.21018463590438125 0.0 -0.49184225456360714 0.0 -0.366598203654828 0.0 -0.2819833578650007 0.0 -0.2101783478232997 0.0 -0.49184709203959714 0.0 -0.3666018093027602 0.0 0.2101783478232997 0.0 -0.2819833578650007 0.0 0.3666018093027602 0.0 -0.49184709203959714 0.0 -0.21018463590438125 0.0 0.281991794196508 0.0 -0.366598203654828 0.0 0.49184225456360714 0.0 0.2820142342501943 0.0 0.21020136176169626 0.0 0.4918293881506619 0.0 0.3665886135803082 0.0 -0.28202267088537275 0.0 -0.21020765006912126 0.0 -0.4918245512042986 0.0 -0.36658500832713703 0.0 0.366598203654828 0.0 -0.49184225456360714 0.0 -0.21018463590438125 0.0 0.281991794196508 0.0 -0.3666018093027602 0.0 0.49184709203959714 0.0 0.2101783478232997 0.0 -0.2819833578650007 0.0 -0.4918245512042986 0.0 -0.36658500832713703 0.0 0.28202267088537275 0.0 0.21020765006912126 0.0 0.4918293881506619 0.0 0.3665886135803082 0.0 -0.2820142342501943 0.0 -0.21020136176169626 0.0 
3
2 3 4
64
0.11897548516616213 0.0 5.349177418663544e-06 0.0 0.6970257034702867 0.0 3.133850765999445e-05 0.0 0.11895743268096265 0.0 5.348365772919506e-06 0.0 0.697028786937635 0.0 3.133864629371288e-05 0.0 -5.353099002222076e-06 0.0 0.11906270835394955 0.0 -3.133783813596257e-05 0.0 0.6970108120317928 0.0 -5.352287339136182e-06 0.0 0.1190446554830355 0.0 -3.1337976668112977e-05 0.0 0.6970138932400824 0.0 -0.697028786937635 0.0 -3.133864629371288e-05 0.0 0.11895743268096265 0.0 5.348365772919506e-06 0.0 -0.6970257034702867 0.0 -3.133850765999445e-05 0.0 0.11897548516616213 0.0 5.349177418663544e-06 0.0 -3.1337976668112977e-05 0.0 0.6970138932400824 0.0 5.352287339136182e-06 0.0 -0.1190446554830355 0.0 -3.133783813596257e-05 0.0 0.6970108120317928 0.0 5.353099002222076e-06 0.0 -0.11906270835394955 0.0 -0.6970108120317928 0.0 -3.133783813596257e-05 0.0 0.11906270835394955 0.0 5.353099002222076e-06 0.0 0.6970138932400824 0.0 3.1337976668112977e-05 0.0 -0.1190446554830355 0.0 -5.352287339136182e-06 0.0 3.133850765999445e-05 0.0 -0.6970257034702867 0.0 -5.349177418663544e-06 0.0 0.11897548516616213 0.0 -3.133864629371288e-05 0.0 0.697028786937635 0.0 5.348365772919506e-06 0.0 -0.11895743268096265 0.0 0.1190446554830355 0.0 5.352287339136182e-06 0.0 0.6970138932400824 0.0 3.1337976668112977e-05 0.0 -0.11906270835394955 0.0 -5.353099002222076e-06 0.0 -0.6970108120317928 0.0 -3.133783813596257e-05 0.0 5.348365772919506e-06 0.0 -0.11895743268096265 0.0 3.133864629371288e-05 0.0 -0.697028786937635 0.0 -5.349177418663544e-06 0.0 0.11897548516616213 0.0 -3.133850765999445e-05 0.0 0.6970257034702867 0.0 
3
0 1 2
64
-0.006540634404516452 0.0 -0.018658149767662044 0.0 0.17406480984941575 0.0 0.017957485870664647 0.0 -0.6568766724633339 0.0 -0.00042351725392980426 0.0 -0.7331258313967551 0.0 -0.005238069069405027 0.0 0.0008318518619185541 0.0 -0.7121974582705682 0.0 -0.005188907102662036 0.0 0.6795110211914355 0.0 0.017196683073762806 0.0 0.007091751108701305 0.0 0.019361610026239748 0.0 -0.17404322736762562 0.0 -0.7331342816465698 0.0 0.0038790595931786514 0.0 0.6568763289497258 0.0 0.0007941403516061347 0.0 0.1740977987028754 0.0 -0.017634789863263754 0.0 0.006575209909550225 0.0 -0.018645993291090825 0.0 0.019038951613987602 0.0 0.17407881909292544 0.0 -0.01720979955644786 0.0 0.007059861312667073 0.0 -0.00392928385923011 0.0 -0.6795194724258468 0.0 0.0004883549724065219 0.0 -0.7121977766421341 0.0 -0.6795110211914355 0.0 -0.005188907102662036 0.0 -0.7121974582705682 0.0 -0.0008318518619185541 0.0 -0.17404322736762562 0.0 -0.019361610026239748 0.0 -0.007091751108701305 0.0 0.017196683073762806 0.0 0.017957485870664647 0.0 -0.17406480984941575 0.0 0.018658149767662044 0.0 -0.006540634404516452 0.0 0.005238069069405027 0.0 -0.7331258313967551 0.0 -0.00042351725392980426 0.0 0.6568766724633339 0.0 -0.007059861312667073 0.0 -0.01720979955644786 0.0 0.17407881909292544 0.0 -0.019038951613987602 0.0 -0.7121977766421341 0.0 -0.0004883549724065219 0.0 0.6795194724258468 0.0 -0.00392928385923011 0.0 0.0007941403516061347 0.0 -0.6568763289497258 0.0 -0.0038790595931786514 0.0 -0.7331342816465698 0.0 0.018645993291090825 0.0 0.006575209909550225 0.0 -0.017634789863263754 0.0 -0.1740977987028754 0.0 
3
8 9 10
64
0.37602256325400507 0.0 0.0 0.0 -0.2511758065561897 0.0 0.0 0.0 0.8855177952503361 0.0 0.0 0.0 -0.10665824121800983 0.0 0.0 0.0 0.0 0.0 -0.10665824121800983 0.0 0.0 0.0 0.8855177952503361 0.0 0.0 0.0 -0.2511758065561897 0.0 0.0 0.0 0.37602256325400507 0.0 0.10665824121800983 0.0 0.0 0.0 0.8855177952503361 0.0 0.0 0.0 0.2511758065561897 0.0 0.0 0.0 0.37602256325400507 0.0 0.0 0.0 0.0 0.0 0.37602256325400507 0.0 0.0 0.0 0.2511758065561897 0.0 0.0 0.0 0.8855177952503361 0.0 0.0 0.0 0.10665824121800983 0.0 -0.8855177952503361 0.0 0.0 0.0 -0.10665824121800983 0.0 0.0 0.0 0.37602256325400507 0.0 0.0 0.0 0.2511758065561897 0.0 0.0 0.0 0.0 0.0 0.2511758065561897 0.0 0.0 0.0 0.37602256325400507 0.0 0.0 0.0 -0.10665824121800983 0.0 0.0 0.0 -0.8855177952503361 0.0 -0.2511758065561897 0.0 0.0 0.0 0.37602256325400507 0.0 0.0 0.0 0.10665824121800983 0.0 0.0 0.0 -0.8855177952503361 0.0 0.0 0.0 0.0 0.0 -0.8855177952503361 0.0 0.0 0.0 0.10665824121800983 0.0 0.0 0.0 0.37602256325400507 0.0 0.0 0.0 -0.2511758065561897 0.0 
3
6 7 8
64
0.04075170862861237 0.0 0.0 0.0 0.5850336345774593 0.0 0.0 0.0 0.8094488462154157 0.0 0.0 0.0 0.029453523006065227 0.0 0.0 0.0 0.0 0.0 0.029453523006065227 0.0 0.0 0.0 0.8094488462154157 0.0 0.0 0.0 0.5850336345774593 0.0 0.0 0.0 0.04075170862861237 0.0 -0.029453523006065227 0.0 0.0 0.0 0.8094488462154157 0.0 0.0 0.0 -0.5850336345774593 0.0 0.0 0.0 0.04075170862861237 0.0 0.0 0.0 0.0 0.0 0.04075170862861237 0.0 0.0 0.0 -0.5850336345774593 0.0 0.0 0.0 0.8094488462154157 0.0 0.0 0.0 -0.029453523006065227 0.0 -0.8094488462154157 0.0 0.0 0.0 0.029453523006065227 0.0 0.0 0.0 0.04075170862861237 0.0 0.0 0.0 -0.5850336345774593 0.0 0.0 0.0 0.0 0.0 -0.5850336345774593 0.0 0.0 0.0 0.04075170862861237 0.0 0.0 0.0 0.029453523006065227 0.0 0.0 0.0 -0.8094488462154157 0.0 0.5850336345774593 0.0 0.0 0.0 0.04075170862861237 0.0 0.0 0.0 -0.029453523006065227 0.0 0.0 0.0 -0.8094488462154157 0.0 0.0 0.0 0.0 0.0 -0.8094488462154157 0.0 0.0 0.0 -0.029453523006065227 0.0 0.0 0.0 0.04075170862861237 0.0 0.0 0.0 0.5850336345774593 0.0 
3
4 5 6
64
0.8262822772027572 0.0 0.0 0.0 0.07941108538062555 0.0 0.0 0.0 0.5444510722633435 0.0 0.0 0.0 0.12051766596890513 0.0 0.0 0.0 0.0 0.0 0.12051766596890513 0.0 0.0 0.0 0.5444510722633435 0.0 0.0 0.0 0.07941108538062555 0.0 0.0 0.0 0.8262822772027572 0.0 -0.12051766596890513 0.0 0.0 0.0 0.5444510722633435 0.0 0.0 0.0 -0.07941108538062555 0.0 0.0 0.0 0.8262822772027572 0.0 0.0 0.0 0.0 0.0 0.8262822772027572 0.0 0.0 0.0 -0.07941108538062555 0.0 0.0 0.0 0.5444510722633435 0.0 0.0 0.0 -0.12051766596890513 0.0 -0.5444510722633435 0.0 0.0 0.0 0.12051766596890513 0.0 0.0 0.0 0.8262822772027572 0.0 0.0 0.0 -0.07941108538062555 0.0 0.0 0.0 0.0 0.0 -0.07941108538062555 0.0 0.0 0.0 0.8262822772027572 0.0 0.0 0.0 0.12051766596890513 0.0 0.0 0.0 -0.5444510722633435 0.0 0.07941108538062555 0.0 0.0 0.0 0.8262822772027572 0.0 0.0 0.0 -0.12051766596890513 0.0 0.0 0.0 -0.5444510722633435 0.0 0.0 0.0 0.0 0.0 -0.5444510722633435 0.0 0.0 0.0 -0.12051766596890513 0.0 0.0 0.0 0.8262822772027572 0.0 0.0 0.0 0.07941108538062555 0.0 
3
2 3 4
64
0.9721003065877588 0.0 0.0 0.0 -0.02789622273398962 0.0 0.0 0.0 -0.16599780616946547 0.0 0.0 0.0 0.16336316303281326 0.0 0.0 0.0 0.0 0.0 0.16336316303281326 0.0 0.0 0.0 -0.16599780616946547 0.0 0.0 0.0 -0.02789622273398962 0.0 0.0 0.0 0.9721003065877588 0.0 -0.16336316303281326 0.0 0.0 0.0 -0.16599780616946547 0.0 0.0 0.0 0.02789622273398962 0.0 0.0 0.0 0.9721003065877588 0.0 0.0 0.0 0.0 0.0 0.9721003065877588 0.0 0.0 0.0 0.02789622273398962 0.0 0.0 0.0 -0.16599780616946547 0.0 0.0 0.0 -0.16336316303281326 0.0 0.16599780616946547 0.0 0.0 0.0 0.16336316303281326 0.0 0.0 0.0 0.9721003065877588 0.0 0.0 0.0 0.02789622273398962 0.0 0.0 0.0 0.0 0.0 0.02789622273398962 0.0 0.0 0.0 0.9721003065877588 0.0 0.0 0.0 0.16336316303281326 0.0 0.0 0.0 0.16599780616946547 0.0 -0.02789622273398962 0.0 0.0 0.0 0.9721003065877588 0.0 0.0 0.0 -0.16336316303281326 0.0 0.0 0.0 0.16599780616946547 0.0 0.0 0.0 0.0 0.0 0.16599780616946547 0.0 0.0 0.0 -0.16336316303281326 0.0 0.0 0.0 0.9721003065877588 0.0 0.0 0.0 -0.02789622273398962 0.0 
3
0 1 2
64
0.6794750993070393 0.0 -0.019219697503195923 0.0 -0.007079741851408518 0.0 0.00017200134147598447 0.0 0.0065612732853402795 0.0 -0.00018559280230967876 0.0 -0.7331668851992534 0.0 0.017812187284053572 0.0 -0.017812187284053572 0.0 -0.7331668851992534 0.0 0.00018559280230967876 0.0 0.0065612732853402795 0.0 -0.00017200134147598447 0.0 -0.007079741851408518 0.0 0.019219697503195923 0.0 0.6794750993070393 0.0 0.7331668851992534 0.0 0.017812187284053572 0.0 0.0065612732853402795 0.0 0.00018559280230967876 0.0 0.007079741851408518 0.0 0.00017200134147598447 0.0 0.6794750993070393 0.0 0.019219697503195923 0.0 -0.019219697503195923 0.0 0.6794750993070393 0.0 -0.00017200134147598447 0.0 0.007079741851408518 0.0 -0.00018559280230967876 0.0 0.0065612732853402795 0.0 -0.017812187284053572 0.0 0.7331668851992534 0.0 -0.0065612732853402795 0.0 0.00018559280230967876 0.0 -0.7331668851992534 0.0 0.017812187284053572 0.0 0.6794750993070393 0.0 -0.019219697503195923 0.0 0.007079741851408518 0.0 -0.00017200134147598447 0.0 0.00017200134147598447 0.0 0.007079741851408518 0.0 0.019219697503195923 0.0 0.6794750993070393 0.0 -0.017812187284053572 0.0 -0.7331668851992534 0.0 -0.00018559280230967876 0.0 -0.0065612732853402795 0.0 -0.007079741851408518 0.0 -0.00017200134147598447 0.0 0.6794750993070393 0.0 0.019219697503195923 0.0 0.7331668851992534 0.0 0.017812187284053572 0.0 -0.0065612732853402795 0.0 -0.00018559280230967876 0.0 0.00018559280230967876 0.0 -0.0065612732853402795 0.0 -0.017812187284053572 0.0 0.7331668851992534 0.0 -0.019219697503195923 0.0 0.6794750993070393 0.0 0.00017200134147598447 0.0 -0.007079741851408518 0.0 
