14
2
12 13
16
0.39988085480085817 0.0 -0.5832108358851835 0.0 0.3998492037801876 0.0 -0.583164674089738 0.0 0.5831732425558442 0.0 0.3998550787834283 0.0 0.5832022679714024 0.0 0.3998749801763212 0.0 -0.3998492037801876 0.0 0.583164674089738 0.0 0.39988085480085817 0.0 -0.5832108358851835 0.0 0.5832022679714024 0.0 0.3998749801763212 0.0 -0.5831732425558442 0.0 -0.3998550787834283 0.0 
3
10 11 12
64
0.6908605272228456 0.0 -5.793077497214251e-05 0.0 0.15070410606879941 0.0 -1.2637001698656059e-05 0.0 -0.690857167438355 0.0 5.793049324390416e-05 0.0 -0.15071951269524336 0.0 1.2638293591555465e-05 0.0 5.793170845561829e-05 0.0 0.690871659593965 0.0 1.2632722105770463e-05 0.0 0.15065306926152972 0.0 -5.7931426631943394e-05 0.0 -0.6908682986713341 0.0 -1.263401397785395e-05 0.0 -0.1506684756397309 0.0 0.15071951269524336 0.0 -1.2638293591555465e-05 0.0 -0.690857167438355 0.0 5.793049324390416e-05 0.0 -0.15070410606879941 0.0 1.2637001698656059e-05 0.0 0.6908605272228456 0.0 -5.793077497214251e-05 0.0 -1.263401397785395e-05 0.0 -0.1506684756397309 0.0 5.7931426631943394e-05 0.0 0.6908682986713341 0.0 1.2632722105770463e-05 0.0 0.15065306926152972 0.0 -5.793170845561829e-05 0.0 -0.690871659593965 0.0 -0.15065306926152972 0.0 1.2632722105770463e-05 0.0 0.690871659593965 0.0 -5.793170845561829e-05 0.0 -0.1506684756397309 0.0 1.263401397785395e-05 0.0 0.6908682986713341 0.0 -5.7931426631943394e-05 0.0 -1.2637001698656059e-05 0.0 -0.15070410606879941 0.0 5.793077497214251e-05 0.0 0.6908605272228456 0.0 -1.2638293591555465e-05 0.0 -0.15071951269524336 0.0 5.793049324390416e-05 0.0 0.690857167438355 0.0 -0.6908682986713341 0.0 5.7931426631943394e-05 0.0 -0.1506684756397309 0.0 1.263401397785395e-05 0.0 -0.690871659593965 0.0 5.793170845561829e-05 0.0 -0.15065306926152972 0.0 1.2632722105770463e-05 0.0 5.793049324390416e-05 0.0 0.690857167438355 0.0 1.2638293591555465e-05 0.0 0.15071951269524336 0.0 5.793077497214251e-05 0.0 0.6908605272228456 0.0 1.2637001698656059e-05 0.0 0.15070410606879941 0.0 
3
8 9 10
64
2.87544800522137e-17 0.0 0.46959629620938353 0.0 1.9369008234937271e-22 0.0 3.163199095240765e-06 0.0 -4.329716252067977e-17 0.0 -0.7070963244394209 0.0 -3.2371824959396664e-17 0.0 -0.5286720217116508 0.0 0.7071172376039762 0.0 -4.329844308268139e-17 0.0 -0.5286440492994745 0.0 3.2370112143144854e-17 0.0 -0.4695962959670781 0.0 2.8754480037376765e-17 0.0 -1.5413544196207773e-05 0.0 9.438073781703692e-22 0.0 3.2371824959396664e-17 0.0 0.5286720217116508 0.0 -4.329716252067977e-17 0.0 -0.7070963244394209 0.0 -1.9369008234937271e-22 0.0 -3.163199095240765e-06 0.0 2.87544800522137e-17 0.0 0.46959629620938353 0.0 -1.5413544196207773e-05 0.0 9.438073781703692e-22 0.0 0.4695962959670781 0.0 -2.8754480037376765e-17 0.0 -0.5286440492994745 0.0 3.2370112143144854e-17 0.0 -0.7071172376039762 0.0 4.329844308268139e-17 0.0 -3.2370112143144854e-17 0.0 -0.5286440492994745 0.0 -4.329844308268139e-17 0.0 -0.7071172376039762 0.0 9.438073781703692e-22 0.0 1.5413544196207773e-05 0.0 -2.8754480037376765e-17 0.0 -0.4695962959670781 0.0 3.163199095240765e-06 0.0 -1.9369008234937271e-22 0.0 -0.46959629620938353 0.0 2.87544800522137e-17 0.0 0.5286720217116508 0.0 -3.2371824959396664e-17 0.0 -0.7070963244394209 0.0 4.329716252067977e-17 0.0 2.8754480037376765e-17 0.0 0.4695962959670781 0.0 9.438073781703692e-22 0.0 1.5413544196207773e-05 0.0 4.329844308268139e-17 0.0 0.7071172376039762 0.0 -3.2370112143144854e-17 0.0 -0.5286440492994745 0.0 -0.7070963244394209 0.0 4.329716252067977e-17 0.0 -0.5286720217116508 0.0 3.2371824959396664e-17 0.0 -0.46959629620938353 0.0 2.87544800522137e-17 0.0 -3.163199095240765e-06 0.0 1.9369008234937271e-22 0.0 
3
6 7 8
64
-0.30976122894023783 0.0 9.171721421674109e-06 0.0 -0.7070602626473729 0.0 2.0935350042107993e-05 0.0 -0.00010622123444742337 0.0 3.145104940187248e-09 0.0 -0.6356994210087169 0.0 1.882242660696683e-05 0.0 2.5091504777900313e-09 0.0 8.474281978954057e-05 0.0 1.8822426702487163e-05 0.0 0.6356994242347738 0.0 -9.16543203055777e-06 0.0 -0.3095488141238786 0.0 2.0938104281801935e-05 0.0 0.7071532829903562 0.0 0.6356994210087169 0.0 -1.882242660696683e-05 0.0 -0.00010622123444742337 0.0 3.145104940187248e-09 0.0 0.7070602626473729 0.0 -2.0935350042107993e-05 0.0 -0.30976122894023783 0.0 9.171721421674109e-06 0.0 2.0938104281801935e-05 0.0 0.7071532829903562 0.0 9.16543203055777e-06 0.0 0.3095488141238786 0.0 1.8822426702487163e-05 0.0 0.6356994242347738 0.0 -2.5091504777900313e-09 0.0 -8.474281978954057e-05 0.0 -0.6356994242347738 0.0 1.8822426702487163e-05 0.0 8.474281978954057e-05 0.0 -2.5091504777900313e-09 0.0 0.7071532829903562 0.0 -2.0938104281801935e-05 0.0 0.3095488141238786 0.0 -9.16543203055777e-06 0.0 2.0935350042107993e-05 0.0 0.7070602626473729 0.0 -9.171721421674109e-06 0.0 -0.30976122894023783 0.0 -1.882242660696683e-05 0.0 -0.6356994210087169 0.0 3.145104940187248e-09 0.0 0.00010622123444742337 0.0 -0.3095488141238786 0.0 9.16543203055777e-06 0.0 0.7071532829903562 0.0 -2.0938104281801935e-05 0.0 -8.474281978954057e-05 0.0 2.5091504777900313e-09 0.0 -0.6356994242347738 0.0 1.8822426702487163e-05 0.0 3.145104940187248e-09 0.0 0.00010622123444742337 0.0 1.882242660696683e-05 0.0 0.6356994210087169 0.0 -9.171721421674109e-06 0.0 -0.30976122894023783 0.0 -2.0935350042107993e-05 0.0 -0.7070602626473729 0.0 
3
4 5 6
64
-0.45716053307077564 0.0 0.09086634579549945 0.0 0.5215378360064246 0.0 -0.10366213599777108 0.0 -0.45715007670962077 0.0 0.09086426746357942 0.0 0.5215470040179556 0.0 -0.10366395825416848 0.0 -0.09088059669540406 0.0 -0.45723223122194584 0.0 0.10364964296562817 0.0 0.5214749819190931 0.0 -0.0908785181129792 0.0 -0.45722177360046823 0.0 0.10365146493627854 0.0 0.5214841484929932 0.0 -0.5215470040179556 0.0 0.10366395825416848 0.0 -0.45715007670962077 0.0 0.09086426746357942 0.0 -0.5215378360064246 0.0 0.10366213599777108 0.0 -0.45716053307077564 0.0 0.09086634579549945 0.0 0.10365146493627854 0.0 0.5214841484929932 0.0 0.0908785181129792 0.0 0.45722177360046823 0.0 0.10364964296562817 0.0 0.5214749819190931 0.0 0.09088059669540406 0.0 0.45723223122194584 0.0 -0.5214749819190931 0.0 0.10364964296562817 0.0 -0.45723223122194584 0.0 0.09088059669540406 0.0 0.5214841484929932 0.0 -0.10365146493627854 0.0 0.45722177360046823 0.0 -0.0908785181129792 0.0 -0.10366213599777108 0.0 -0.5215378360064246 0.0 -0.09086634579549945 0.0 -0.45716053307077564 0.0 0.10366395825416848 0.0 0.5215470040179556 0.0 0.09086426746357942 0.0 0.45715007670962077 0.0 -0.45722177360046823 0.0 0.0908785181129792 0.0 0.5214841484929932 0.0 -0.10365146493627854 0.0 0.45723223122194584 0.0 -0.09088059669540406 0.0 -0.5214749819190931 0.0 0.10364964296562817 0.0 0.09086426746357942 0.0 0.45715007670962077 0.0 -0.10366395825416848 0.0 -0.5215470040179556 0.0 -0.09086634579549945 0.0 -0.45716053307077564 0.0 0.10366213599777108 0.0 0.5215378360064246 0.0 
3
2 3 4
64
0.520768206475468 0.0 -0.00523175594874596 0.0 0.47827940959599163 0.0 -0.004804903823241385 0.0 -0.5205565803236716 0.0 0.005229629904250917 0.0 -0.47850727440445306 0.0 0.004807193004977817 0.0 0.005205954010001508 0.0 0.5181998853429122 0.0 0.004832822815735367 0.0 0.4810584619428768 0.0 -0.005203840247138916 0.0 -0.5179894817029774 0.0 -0.004835123342800637 0.0 -0.48128745606367795 0.0 0.47850727440445306 0.0 -0.004807193004977817 0.0 -0.5205565803236716 0.0 0.005229629904250917 0.0 -0.47827940959599163 0.0 0.004804903823241385 0.0 0.520768206475468 0.0 -0.00523175594874596 0.0 -0.004835123342800637 0.0 -0.48128745606367795 0.0 0.005203840247138916 0.0 0.5179894817029774 0.0 0.004832822815735367 0.0 0.4810584619428768 0.0 -0.005205954010001508 0.0 -0.5181998853429122 0.0 -0.4810584619428768 0.0 0.004832822815735367 0.0 0.5181998853429122 0.0 -0.005205954010001508 0.0 -0.48128745606367795 0.0 0.004835123342800637 0.0 0.5179894817029774 0.0 -0.005203840247138916 0.0 -0.004804903823241385 0.0 -0.47827940959599163 0.0 0.00523175594874596 0.0 0.520768206475468 0.0 -0.004807193004977817 0.0 -0.47850727440445306 0.0 0.005229629904250917 0.0 0.5205565803236716 0.0 -0.5179894817029774 0.0 0.005203840247138916 0.0 -0.48128745606367795 0.0 0.004835123342800637 0.0 -0.5181998853429122 0.0 0.005205954010001508 0.0 -0.4810584619428768 0.0 0.004832822815735367 0.0 0.005229629904250917 0.0 0.5205565803236716 0.0 0.004807193004977817 0.0 0.47850727440445306 0.0 0.00523175594874596 0.0 0.520768206475468 0.0 0.004804903823241385 0.0 0.47827940959599163 0.0 
3
0 1 2
64
-0.4813802313487248 0.0 0.00015178618858034004 0.0 -0.4211341480236101 0.0 -0.00033518867988818816 0.0 0.6735983783660553 0.0 -0.0001668249642992806 0.0 0.37038372638451167 0.0 0.00024270589835002215 0.0 0.00028464842405245795 0.0 -0.12252353904060655 0.0 -7.557775130155451e-05 0.0 -0.7588852762366793 0.0 -0.0003667015453292267 0.0 0.23490824481088407 0.0 3.033932797690034e-05 0.0 0.5948941202304773 0.0 -0.37038330082944143 0.0 0.0006116725573244409 0.0 0.6735982103255403 0.0 -0.0005041965661551322 0.0 0.4211336051581256 0.0 -0.0007547115628412346 0.0 -0.4813801437021172 0.0 0.0003277525407708907 0.0 0.0005622789691176615 0.0 0.5948938552780902 0.0 -0.0006007109387684005 0.0 -0.23490776295499824 0.0 -0.0006804043565798739 0.0 -0.7588849749802201 0.0 0.0004067030934890657 0.0 0.12252319468718607 0.0 0.7588852762366793 0.0 -7.557775130155451e-05 0.0 -0.12252353904060655 0.0 -0.00028464842405245795 0.0 0.5948941202304773 0.0 -3.033932797690034e-05 0.0 -0.23490824481088407 0.0 -0.0003667015453292267 0.0 -0.00033518867988818816 0.0 0.4211341480236101 0.0 -0.00015178618858034004 0.0 -0.4813802313487248 0.0 -0.00024270589835002215 0.0 0.37038372638451167 0.0 -0.0001668249642992806 0.0 -0.6735983783660553 0.0 0.23490776295499824 0.0 -0.0006007109387684005 0.0 0.5948938552780902 0.0 -0.0005622789691176615 0.0 0.12252319468718607 0.0 -0.0004067030934890657 0.0 0.7588849749802201 0.0 -0.0006804043565798739 0.0 -0.0005041965661551322 0.0 -0.6735982103255403 0.0 -0.0006116725573244409 0.0 -0.37038330082944143 0.0 -0.0003277525407708907 0.0 -0.4813801437021172 0.0 -0.0007547115628412346 0.0 -0.4211336051581256 0.0 
2
12 13
16
0.1833995836743663 0.0 0.0 0.0 0.9830384492521486 0.0 0.0 0.0 0.0 0.0 0.9830384492521486 0.0 0.0 0.0 0.1833995836743663 0.0 -0.9830384492521486 0.0 0.0 0.0 0.1833995836743663 0.0 0.0 0.0 0.0 0.0 0.1833995836743663 0.0 0.0 0.0 -0.9830384492521486 0.0 
3
10 11 12
64
0.15067168774360234 0.0 0.0 0.0 0.6908724751177978 0.0 0.0 0.0 -0.6908622406293374 0.0 0.0 0.0 -0.15067391980602932 0.0 0.0 0.0 0.0 0.0 -0.15067391980602932 0.0 0.0 0.0 -0.6908622406293374 0.0 0.0 0.0 0.6908724751177978 0.0 0.0 0.0 0.15067168774360234 0.0 0.15067391980602932 0.0 0.0 0.0 -0.6908622406293374 0.0 0.0 0.0 -0.6908724751177978 0.0 0.0 0.0 0.15067168774360234 0.0 0.0 0.0 0.0 0.0 0.15067168774360234 0.0 0.0 0.0 -0.6908724751177978 0.0 0.0 0.0 -0.6908622406293374 0.0 0.0 0.0 0.15067391980602932 0.0 0.6908622406293374 0.0 0.0 0.0 -0.15067391980602932 0.0 0.0 0.0 0.15067168774360234 0.0 0.0 0.0 -0.6908724751177978 0.0 0.0 0.0 0.0 0.0 -0.6908724751177978 0.0 0.0 0.0 0.15067168774360234 0.0 0.0 0.0 -0.15067391980602932 0.0 0.0 0.0 0.6908622406293374 0.0 0.6908724751177978 0.0 0.0 0.0 0.15067168774360234 0.0 0.0 0.0 0.15067391980602932 0.0 0.0 0.0 0.6908622406293374 0.0 0.0 0.0 0.0 0.0 0.6908622406293374 0.0 0.0 0.0 0.15067391980602932 0.0 0.0 0.0 0.15067168774360234 0.0 0.0 0.0 0.6908724751177978 0.0 
3
8 9 10
64
4.329986638647912e-17 0.0 0.0 0.0 -0.7070730788478713 0.0 0.0 0.0 -0.7071404819189692 0.0 0.0 0.0 4.329573913871548e-17 0.0 0.0 0.0 0.0 0.0 4.329573913871548e-17 0.0 0.0 0.0 -0.7071404819189692 0.0 0.0 0.0 -0.7070730788478713 0.0 0.0 0.0 4.329986638647912e-17 0.0 -4.329573913871548e-17 0.0 0.0 0.0 -0.7071404819189692 0.0 0.0 0.0 0.7070730788478713 0.0 0.0 0.0 4.329986638647912e-17 0.0 0.0 0.0 0.0 0.0 4.329986638647912e-17 0.0 0.0 0.0 0.7070730788478713 0.0 0.0 0.0 -0.7071404819189692 0.0 0.0 0.0 -4.329573913871548e-17 0.0 0.7071404819189692 0.0 0.0 0.0 4.329573913871548e-17 0.0 0.0 0.0 4.329986638647912e-17 0.0 0.0 0.0 0.7070730788478713 0.0 0.0 0.0 0.0 0.0 0.7070730788478713 0.0 0.0 0.0 4.329986638647912e-17 0.0 0.0 0.0 4.329573913871548e-17 0.0 0.0 0.0 0.7071404819189692 0.0 -0.7070730788478713 0.0 0.0 0.0 4.329986638647912e-17 0.0 0.0 0.0 -4.329573913871548e-17 0.0 0.0 0.0 0.7071404819189692 0.0 0.0 0.0 0.0 0.0 0.7071404819189692 0.0 0.0 0.0 -4.329573913871548e-17 0.0 0.0 0.0 4.329986638647912e-17 0.0 0.0 0.0 -0.7070730788478713 0.0 
3
6 7 8
64
4.330109137035927e-17 0.0 0.0 0.0 0.7070530708697645 0.0 0.0 0.0 0.7071604874239198 0.0 0.0 0.0 4.3294514003398194e-17 0.0 0.0 0.0 0.0 0.0 4.3294514003398194e-17 0.0 0.0 0.0 0.7071604874239198 0.0 0.0 0.0 0.7070530708697645 0.0 0.0 0.0 4.330109137035927e-17 0.0 -4.3294514003398194e-17 0.0 0.0 0.0 0.7071604874239198 0.0 0.0 0.0 -0.7070530708697645 0.0 0.0 0.0 4.330109137035927e-17 0.0 0.0 0.0 0.0 0.0 4.330109137035927e-17 0.0 0.0 0.0 -0.7070530708697645 0.0 0.0 0.0 0.7071604874239198 0.0 0.0 0.0 -4.3294514003398194e-17 0.0 -0.7071604874239198 0.0 0.0 0.0 4.3294514003398194e-17 0.0 0.0 0.0 4.330109137035927e-17 0.0 0.0 0.0 -0.7070530708697645 0.0 0.0 0.0 0.0 0.0 -0.7070530708697645 0.0 0.0 0.0 4.330109137035927e-17 0.0 0.0 0.0 4.3294514003398194e-17 0.0 0.0 0.0 -0.7071604874239198 0.0 0.7070530708697645 0.0 0.0 0.0 4.330109137035927e-17 0.0 0.0 0.0 -4.3294514003398194e-17 0.0 0.0 0.0 -0.7071604874239198 0.0 0.0 0.0 0.0 0.0 -0.7071604874239198 0.0 0.0 0.0 -4.3294514003398194e-17 0.0 0.0 0.0 4.330109137035927e-17 0.0 0.0 0.0 0.7070530708697645 0.0 
3
4 5 6
64
0.5480347708923903 0.0 0.0 0.0 -0.4178776420162528 0.0 0.0 0.0 -0.6251812394690891 0.0 0.0 0.0 0.36631214013700814 0.0 0.0 0.0 0.0 0.0 0.36631214013700814 0.0 0.0 0.0 -0.6251812394690891 0.0 0.0 0.0 -0.4178776420162528 0.0 0.0 0.0 0.5480347708923903 0.0 -0.36631214013700814 0.0 0.0 0.0 -0.6251812394690891 0.0 0.0 0.0 0.4178776420162528 0.0 0.0 0.0 0.5480347708923903 0.0 0.0 0.0 0.0 0.0 0.5480347708923903 0.0 0.0 0.0 0.4178776420162528 0.0 0.0 0.0 -0.6251812394690891 0.0 0.0 0.0 -0.36631214013700814 0.0 0.6251812394690891 0.0 0.0 0.0 0.36631214013700814 0.0 0.0 0.0 0.5480347708923903 0.0 0.0 0.0 0.4178776420162528 0.0 0.0 0.0 0.0 0.0 0.4178776420162528 0.0 0.0 0.0 0.5480347708923903 0.0 0.0 0.0 0.36631214013700814 0.0 0.0 0.0 0.6251812394690891 0.0 -0.4178776420162528 0.0 0.0 0.0 0.5480347708923903 0.0 0.0 0.0 -0.36631214013700814 0.0 0.0 0.0 0.6251812394690891 0.0 0.0 0.0 0.0 0.0 0.6251812394690891 0.0 0.0 0.0 -0.36631214013700814 0.0 0.0 0.0 0.5480347708923903 0.0 0.0 0.0 -0.4178776420162528 0.0 
3
2 3 4
64
0.5139651036760146 0.0 0.0 0.0 0.48478121028717003 0.0 0.0 0.0 0.47475804481308836 0.0 0.0 0.0 0.5248160146575787 0.0 0.0 0.0 0.0 0.0 0.5248160146575787 0.0 0.0 0.0 0.47475804481308836 0.0 0.0 0.0 0.48478121028717003 0.0 0.0 0.0 0.5139651036760146 0.0 -0.5248160146575787 0.0 0.0 0.0 0.47475804481308836 0.0 0.0 0.0 -0.48478121028717003 0.0 0.0 0.0 0.5139651036760146 0.0 0.0 0.0 0.0 0.0 0.5139651036760146 0.0 0.0 0.0 -0.48478121028717003 0.0 0.0 0.0 0.47475804481308836 0.0 0.0 0.0 -0.5248160146575787 0.0 -0.47475804481308836 0.0 0.0 0.0 0.5248160146575787 0.0 0.0 0.0 0.5139651036760146 0.0 0.0 0.0 -0.48478121028717003 0.0 0.0 0.0 0.0 0.0 -0.48478121028717003 0.0 0.0 0.0 0.5139651036760146 0.0 0.0 0.0 0.5248160146575787 0.0 0.0 0.0 -0.47475804481308836 0.0 0.48478121028717003 0.0 0.0 0.0 0.5139651036760146 0.0 0.0 0.0 -0.5248160146575787 0.0 0.0 0.0 -0.47475804481308836 0.0 0.0 0.0 0.0 0.0 -0.47475804481308836 0.0 0.0 0.0 -0.5248160146575787 0.0 0.0 0.0 0.5139651036760146 0.0 0.0 0.0 0.48478121028717003 0.0 
3
0 1 2
64
0.758900303156875 0.0 -0.0003458902118616336 0.0 -0.2349077999059489 0.0 0.0004496701142549262 0.0 0.4814142684412162 0.0 -0.00021941812727135573 0.0 -0.3703080948135779 0.0 0.0007088588943024224 0.0 -0.0007088588943024224 0.0 -0.3703080948135779 0.0 0.00021941812727135573 0.0 0.4814142684412162 0.0 -0.0004496701142549262 0.0 -0.2349077999059489 0.0 0.0003458902118616336 0.0 0.758900303156875 0.0 0.3703080948135779 0.0 0.0007088588943024224 0.0 0.4814142684412162 0.0 0.00021941812727135573 0.0 0.2349077999059489 0.0 0.0004496701142549262 0.0 0.758900303156875 0.0 0.0003458902118616336 0.0 -0.0003458902118616336 0.0 0.758900303156875 0.0 -0.0004496701142549262 0.0 0.2349077999059489 0.0 -0.00021941812727135573 0.0 0.4814142684412162 0.0 -0.0007088588943024224 0.0 0.3703080948135779 0.0 -0.4814142684412162 0.0 0.00021941812727135573 0.0 -0.3703080948135779 0.0 0.0007088588943024224 0.0 0.758900303156875 0.0 -0.0003458902118616336 0.0 0.2349077999059489 0.0 -0.0004496701142549262 0.0 0.0004496701142549262 0.0 0.2349077999059489 0.0 0.0003458902118616336 0.0 0.758900303156875 0.0 -0.0007088588943024224 0.0 -0.3703080948135779 0.0 -0.00021941812727135573 0.0 -0.4814142684412162 0.0 -0.2349077999059489 0.0 -0.0004496701142549262 0.0 0.758900303156875 0.0 0.0003458902118616336 0.0 0.3703080948135779 0.0 0.0007088588943024224 0.0 -0.4814142684412162 0.0 -0.00021941812727135573 0.0 0.00021941812727135573 0.0 -0.4814142684412162 0.0 -0.0007088588943024224 0.0 0.3703080948135779 0.0 -0.0003458902118616336 0.0 0.758900303156875 0.0 0.0004496701142549262 0.0 -0.2349077999059489 0.0 
