18
3
9 10 11
64
-0.0022900616473732044 0.0 0.5954142467419328 0.0 0.002323578302706777 0.0 -0.6041285510540628 0.0 0.0014459244658401838 0.0 -0.3759392362478451 0.0 -0.001434807675659371 0.0 0.37304887944924575 0.0 -0.37545558752541436 0.0 -0.0014440642728802398 0.0 -0.37834118197542166 0.0 -0.001455162746280892 0.0 -0.6026024915860902 0.0 -0.002317708825652209 0.0 -0.5939246553078247 0.0 -0.0022843324324070312 0.0 0.0014670249796237289 0.0 -0.3814253534162227 0.0 0.0014320118545364355 0.0 -0.372321968132318 0.0 0.0023033729407329487 0.0 -0.5988751726598197 0.0 0.00229878706237703 0.0 -0.5976828478549082 0.0 0.5991965681209293 0.0 0.0023046090808205503 0.0 -0.6003773015146767 0.0 -0.0023091503766924405 0.0 -0.36993515501122354 0.0 -0.0014228317766025015 0.0 0.3790036370482122 0.0 0.001457710658030748 0.0 0.0014228317766025015 0.0 -0.36993515501122354 0.0 -0.001457710658030748 0.0 0.3790036370482122 0.0 0.0023046090808205503 0.0 -0.5991965681209293 0.0 -0.0023091503766924405 0.0 0.6003773015146767 0.0 0.5988751726598197 0.0 0.0023033729407329487 0.0 0.5976828478549082 0.0 0.00229878706237703 0.0 -0.3814253534162227 0.0 -0.0014670249796237289 0.0 -0.372321968132318 0.0 -0.0014320118545364355 0.0 -0.002317708825652209 0.0 0.6026024915860902 0.0 -0.0022843324324070312 0.0 0.5939246553078247 0.0 0.0014440642728802398 0.0 -0.37545558752541436 0.0 0.001455162746280892 0.0 -0.37834118197542166 0.0 -0.3759392362478451 0.0 -0.0014459244658401838 0.0 0.37304887944924575 0.0 0.001434807675659371 0.0 -0.5954142467419328 0.0 -0.0022900616473732044 0.0 0.6041285510540628 0.0 0.002323578302706777 0.0 
3
7 8 9
64
0.6033757333429941 0.0 0.00041514297695171 0.0 -0.004444527312909841 0.0 -3.057985593158893e-06 0.0 -0.7098665792506914 0.0 -0.0004884122921482101 0.0 -0.36332758890872296 0.0 -0.00024998170879787784 0.0 -0.0004845867160677002 0.0 0.7043064231088579 0.0 0.0002573191335009847 0.0 -0.3739919244675082 0.0 0.00041514188168824753 0.0 -0.603374141468793 0.0 -3.2032259609730937e-06 0.0 0.00465562208821918 0.0 0.36332758890872296 0.0 0.00024998170879787784 0.0 -0.7098665792506914 0.0 -0.0004884122921482101 0.0 0.004444527312909841 0.0 3.057985593158893e-06 0.0 0.6033757333429941 0.0 0.00041514297695171 0.0 -3.2032259609730937e-06 0.0 0.00465562208821918 0.0 -0.00041514188168824753 0.0 0.603374141468793 0.0 0.0002573191335009847 0.0 -0.3739919244675082 0.0 0.0004845867160677002 0.0 -0.7043064231088579 0.0 0.3739919244675082 0.0 0.0002573191335009847 0.0 0.7043064231088579 0.0 0.0004845867160677002 0.0 0.00465562208821918 0.0 3.2032259609730937e-06 0.0 0.603374141468793 0.0 0.00041514188168824753 0.0 -3.057985593158893e-06 0.0 0.004444527312909841 0.0 -0.00041514297695171 0.0 0.6033757333429941 0.0 0.00024998170879787784 0.0 -0.36332758890872296 0.0 -0.0004884122921482101 0.0 0.7098665792506914 0.0 -0.603374141468793 0.0 -0.00041514188168824753 0.0 0.00465562208821918 0.0 3.2032259609730937e-06 0.0 -0.7043064231088579 0.0 -0.0004845867160677002 0.0 0.3739919244675082 0.0 0.0002573191335009847 0.0 -0.0004884122921482101 0.0 0.7098665792506914 0.0 -0.00024998170879787784 0.0 0.36332758890872296 0.0 -0.00041514297695171 0.0 0.6033757333429941 0.0 3.057985593158893e-06 0.0 -0.004444527312909841 0.0 
2
10 11
16
0.8470089532237073 0.0 0.0 0.0 0.5315786236850384 0.0 0.0 0.0 0.0 0.0 0.5315786236850384 0.0 0.0 0.0 0.8470089532237073 0.0 -0.5315786236850384 0.0 0.0 0.0 0.8470089532237073 0.0 0.0 0.0 0.0 0.0 0.8470089532237073 0.0 0.0 0.0 -0.5315786236850384 0.0 
2
6 7
16
0.7051255569908659 0.0 -0.06136429745134634 0.0 0.7037622762243178 0.0 -0.06124565650061246 0.0 0.06124565650061246 0.0 0.7037622762243178 0.0 0.06136429745134634 0.0 0.7051255569908659 0.0 -0.7037622762243178 0.0 0.06124565650061246 0.0 0.7051255569908659 0.0 -0.06136429745134634 0.0 0.06136429745134634 0.0 0.7051255569908659 0.0 -0.06124565650061246 0.0 -0.7037622762243178 0.0 
2
9 10
16
0.7070973305171536 0.0 0.0 0.0 0.7071162317296323 0.0 0.0 0.0 0.0 0.0 0.7071162317296323 0.0 0.0 0.0 0.7070973305171536 0.0 -0.7071162317296323 0.0 0.0 0.0 0.7070973305171536 0.0 0.0 0.0 0.0 0.0 0.7070973305171536 0.0 0.0 0.0 -0.7071162317296323 0.0 
2
5 6
16
0.06582238685045314 0.0 -0.7041545186137937 0.0 -0.06580051471758319 0.0 0.7039205349810354 0.0 -0.7039205349810354 0.0 -0.06580051471758319 0.0 0.7041545186137937 0.0 0.06582238685045314 0.0 0.06580051471758319 0.0 -0.7039205349810354 0.0 0.06582238685045314 0.0 -0.7041545186137937 0.0 0.7041545186137937 0.0 0.06582238685045314 0.0 0.7039205349810354 0.0 0.06580051471758319 0.0 
2
8 9
16
0.9999606125962868 0.0 0.0 0.0 -0.008875429908397403 0.0 0.0 0.0 0.0 0.0 -0.008875429908397403 0.0 0.0 0.0 0.9999606125962868 0.0 0.008875429908397403 0.0 0.0 0.0 0.9999606125962868 0.0 0.0 0.0 0.0 0.0 0.9999606125962868 0.0 0.0 0.0 0.008875429908397403 0.0 
2
4 5
16
0.04237123711743106 0.0 0.7063500967396142 0.0 -0.04230977722234723 0.0 -0.7053255289952797 0.0 0.7053255289952797 0.0 -0.04230977722234723 0.0 -0.7063500967396142 0.0 0.04237123711743106 0.0 0.04230977722234723 0.0 0.7053255289952797 0.0 0.04237123711743106 0.0 0.7063500967396142 0.0 -0.7063500967396142 0.0 0.04237123711743106 0.0 -0.7053255289952797 0.0 0.04230977722234723 0.0 
2
7 8
16
0.7067484996079958 0.0 0.0 0.0 0.7074648813205124 0.0 0.0 0.0 0.0 0.0 0.7074648813205124 0.0 0.0 0.0 0.7067484996079958 0.0 -0.7074648813205124 0.0 0.0 0.0 0.7067484996079958 0.0 0.0 0.0 0.0 0.0 0.7067484996079958 0.0 0.0 0.0 -0.7074648813205124 0.0 
2
3 4
16
0.03902264581264517 0.0 0.7133837647344231 0.0 0.03821624854217968 0.0 0.6986417935354886 0.0 -0.6986417935354886 0.0 0.03821624854217968 0.0 -0.7133837647344231 0.0 0.03902264581264517 0.0 -0.03821624854217968 0.0 -0.6986417935354886 0.0 0.03902264581264517 0.0 0.7133837647344231 0.0 -0.7133837647344231 0.0 0.03902264581264517 0.0 0.6986417935354886 0.0 -0.03821624854217968 0.0 
2
6 7
16
0.6434733100904256 0.0 0.0 0.0 -0.7654685487995382 0.0 0.0 0.0 0.0 0.0 -0.7654685487995382 0.0 0.0 0.0 0.6434733100904256 0.0 0.7654685487995382 0.0 0.0 0.0 0.6434733100904256 0.0 0.0 0.0 0.0 0.0 0.6434733100904256 0.0 0.0 0.0 0.7654685487995382 0.0 
2
2 3
16
0.048812610268753415 0.0 0.6354947910646811 0.0 0.059013244112448536 0.0 0.7682975573485398 0.0 -0.7682975573485398 0.0 0.059013244112448536 0.0 -0.6354947910646811 0.0 0.048812610268753415 0.0 -0.059013244112448536 0.0 -0.7682975573485398 0.0 0.048812610268753415 0.0 0.6354947910646811 0.0 -0.6354947910646811 0.0 0.048812610268753415 0.0 0.7682975573485398 0.0 -0.059013244112448536 0.0 
2
5 6
16
0.6376104169694367 0.0 0.0 0.0 -0.770358978770327 0.0 0.0 0.0 0.0 0.0 -0.770358978770327 0.0 0.0 0.0 0.6376104169694367 0.0 0.770358978770327 0.0 0.0 0.0 0.6376104169694367 0.0 0.0 0.0 0.0 0.0 0.6376104169694367 0.0 0.0 0.0 0.770358978770327 0.0 
2
1 2
16
-1.7328994558135032e-16 0.0 0.9433465262637442 0.0 -6.095235738102703e-17 0.0 0.331809179177019 0.0 -0.331809179177019 0.0 -6.095235738102703e-17 0.0 -0.9433465262637442 0.0 -1.7328994558135032e-16 0.0 6.095235738102703e-17 0.0 -0.331809179177019 0.0 -1.7328994558135032e-16 0.0 0.9433465262637442 0.0 -0.9433465262637442 0.0 -1.7328994558135032e-16 0.0 0.331809179177019 0.0 6.095235738102703e-17 0.0 
2
4 5
16
0.6634091765702282 0.0 0.0 0.0 -0.7482568171706901 0.0 0.0 0.0 0.0 0.0 -0.7482568171706901 0.0 0.0 0.0 0.6634091765702282 0.0 0.7482568171706901 0.0 0.0 0.0 0.6634091765702282 0.0 0.0 0.0 0.0 0.0 0.6634091765702282 0.0 0.0 0.0 0.7482568171706901 0.0 
2
0 1
16
-0.0008166231729953689 0.0 -6.128232328800059e-17 0.0 -6.118231579250876e-17 0.0 0.999999666563241 0.0 -0.999999666563241 0.0 -6.118231579250876e-17 0.0 6.128232328800059e-17 0.0 -0.0008166231729953689 0.0 6.128232328800059e-17 0.0 -0.999999666563241 0.0 0.0008166231729953689 0.0 -6.118231579250876e-17 0.0 6.118231579250876e-17 0.0 0.0008166231729953689 0.0 0.999999666563241 0.0 6.128232328800059e-17 0.0 
3
2 3 4
64
0.524734225499398 0.0 0.0 0.0 0.45980460105523235 0.0 0.0 0.0 -0.5865281674761773 0.0 0.0 0.0 -0.41136167808270985 0.0 0.0 0.0 0.0 0.0 -0.41136167808270985 0.0 0.0 0.0 -0.5865281674761773 0.0 0.0 0.0 0.45980460105523235 0.0 0.0 0.0 0.524734225499398 0.0 0.41136167808270985 0.0 0.0 0.0 -0.5865281674761773 0.0 0.0 0.0 -0.45980460105523235 0.0 0.0 0.0 0.524734225499398 0.0 0.0 0.0 0.0 0.0 0.524734225499398 0.0 0.0 0.0 -0.45980460105523235 0.0 0.0 0.0 -0.5865281674761773 0.0 0.0 0.0 0.41136167808270985 0.0 0.5865281674761773 0.0 0.0 0.0 -0.41136167808270985 0.0 0.0 0.0 0.524734225499398 0.0 0.0 0.0 -0.45980460105523235 0.0 0.0 0.0 0.0 0.0 -0.45980460105523235 0.0 0.0 0.0 0.524734225499398 0.0 0.0 0.0 -0.41136167808270985 0.0 0.0 0.0 0.5865281674761773 0.0 0.45980460105523235 0.0 0.0 0.0 0.524734225499398 0.0 0.0 0.0 0.41136167808270985 0.0 0.0 0.0 0.5865281674761773 0.0 0.0 0.0 0.0 0.0 0.5865281674761773 0.0 0.0 0.0 0.41136167808270985 0.0 0.0 0.0 0.524734225499398 0.0 0.0 0.0 0.45980460105523235 0.0 
3
0 1 2
64
0.9410336497392564 0.0 -9.588484382516577e-09 0.0 -0.0002140863851487236 0.0 5.4474286988238686e-06 0.0 0.33831238427647375 0.0 -3.4471700495999724e-09 0.0 -0.0005954925144311283 0.0 1.5152308778502702e-05 0.0 -1.5152308778502702e-05 0.0 -0.0005954925144311283 0.0 3.4471700495999724e-09 0.0 0.33831238427647375 0.0 -5.4474286988238686e-06 0.0 -0.0002140863851487236 0.0 9.588484382516577e-09 0.0 0.9410336497392564 0.0 0.0005954925144311283 0.0 1.5152308778502702e-05 0.0 0.33831238427647375 0.0 3.4471700495999724e-09 0.0 0.0002140863851487236 0.0 5.4474286988238686e-06 0.0 0.9410336497392564 0.0 9.588484382516577e-09 0.0 -9.588484382516577e-09 0.0 0.9410336497392564 0.0 -5.4474286988238686e-06 0.0 0.0002140863851487236 0.0 -3.4471700495999724e-09 0.0 0.33831238427647375 0.0 -1.5152308778502702e-05 0.0 0.0005954925144311283 0.0 -0.33831238427647375 0.0 3.4471700495999724e-09 0.0 -0.0005954925144311283 0.0 1.5152308778502702e-05 0.0 0.9410336497392564 0.0 -9.588484382516577e-09 0.0 0.0002140863851487236 0.0 -5.4474286988238686e-06 0.0 5.4474286988238686e-06 0.0 0.0002140863851487236 0.0 9.588484382516577e-09 0.0 0.9410336497392564 0.0 -1.5152308778502702e-05 0.0 -0.0005954925144311283 0.0 -3.4471700495999724e-09 0.0 -0.33831238427647375 0.0 -0.0002140863851487236 0.0 -5.4474286988238686e-06 0.0 0.9410336497392564 0.0 9.588484382516577e-09 0.0 0.0005954925144311283 0.0 1.5152308778502702e-05 0.0 -0.33831238427647375 0.0 -3.4471700495999724e-09 0.0 3.4471700495999724e-09 0.0 -0.33831238427647375 0.0 -1.5152308778502702e-05 0.0 0.0005954925144311283 0.0 -9.588484382516577e-09 0.0 0.9410336497392564 0.0 5.4474286988238686e-06 0.0 -0.0002140863851487236 0.0 
